     Index       y_measurement           y_fitting        descriptor_1        descriptor_2        descriptor_3
         1    0.2320000000E+03    0.2381995814E+03    0.1838077703E+02   -0.1918820911E+02   -0.3403846154E+04
         2    0.2350000000E+03    0.1782143658E+03    0.2008298850E+02   -0.2806365160E+02   -0.3540000000E+04
         3    0.2350000000E+03    0.2485792579E+03    0.2008298850E+02   -0.1778192275E+02   -0.3403846154E+04
         4    0.2410000000E+03    0.2386847225E+03    0.1889881575E+02   -0.1918820911E+02   -0.3403846154E+04
         5    0.2250000000E+03    0.1858406298E+03    0.1783176586E+02   -0.2302585093E+02   -0.4022727273E+04
         6    0.2450000000E+03    0.2479301949E+03    0.1938991221E+02   -0.1778192275E+02   -0.3403846154E+04
         7    0.2550000000E+03    0.2687855651E+03    0.2008298850E+02   -0.1630009586E+02   -0.3160714286E+04
         8    0.2450000000E+03    0.2496168145E+03    0.1938991221E+02   -0.1842068074E+02   -0.3277777778E+04
         9    0.2750000000E+03    0.2487776872E+03    0.2073126969E+02   -0.1875607145E+02   -0.3277777778E+04
        10    0.2390000000E+03    0.1955953061E+03    0.1962639786E+02   -0.2173346114E+02   -0.4022727273E+04
        11    0.2550000000E+03    0.2024638003E+03    0.1985731784E+02   -0.2192938184E+02   -0.3847826087E+04
        12    0.3970000000E+03    0.4079578014E+03    0.1720491060E+03   -0.1395506117E+02   -0.3555844156E+04
        13    0.4190000000E+03    0.4415093488E+03    0.2099897954E+03   -0.1395506117E+02   -0.3599806950E+04
        14    0.4010000000E+03    0.4134673511E+03    0.1864507797E+03   -0.1439115683E+02   -0.3672496025E+04
        15    0.3940000000E+03    0.4466500496E+03    0.2064299586E+03   -0.1262864322E+02   -0.3595634921E+04
        16    0.4260000000E+03    0.3990274108E+03    0.1771122528E+03   -0.1485538770E+02   -0.3734545455E+04
        17    0.4260000000E+03    0.4636391025E+03    0.2064299586E+03   -0.1082081045E+02   -0.3469172932E+04
        18    0.4540000000E+03    0.4236901084E+03    0.2027429184E+03   -0.1485538770E+02   -0.3719896332E+04
        19    0.4180000000E+03    0.4082324642E+03    0.1864507797E+03   -0.1397151073E+02   -0.3846960616E+04
        20    0.4160000000E+03    0.4517791536E+03    0.2064299586E+03   -0.1315762910E+02   -0.3408350658E+04
        21    0.3950000000E+03    0.4318039074E+03    0.1819013725E+03   -0.1209157896E+02   -0.3489721254E+04
        22    0.4330000000E+03    0.4329313026E+03    0.1819013725E+03   -0.1185461517E+02   -0.3497560060E+04
        23    0.3790000000E+03    0.4054851804E+03    0.1928851344E+03   -0.1406705358E+02   -0.4028521825E+04
        24    0.3820000000E+03    0.3796905603E+03    0.1418650523E+03   -0.1395506117E+02   -0.3555844156E+04
        25    0.3850000000E+03    0.4070085465E+03    0.1731494804E+03   -0.1395506117E+02   -0.3599806950E+04
        26    0.3650000000E+03    0.3828339507E+03    0.1537401166E+03   -0.1439115683E+02   -0.3672496025E+04
        27    0.3790000000E+03    0.4127341197E+03    0.1702141764E+03   -0.1262864322E+02   -0.3595634921E+04
        28    0.3770000000E+03    0.3699283072E+03    0.1460399278E+03   -0.1485538770E+02   -0.3734545455E+04
        29    0.3940000000E+03    0.4297231725E+03    0.1702141764E+03   -0.1082081045E+02   -0.3469172932E+04
        30    0.4250000000E+03    0.3903799499E+03    0.1671739853E+03   -0.1485538770E+02   -0.3719896332E+04
        31    0.3950000000E+03    0.3775990638E+03    0.1537401166E+03   -0.1397151073E+02   -0.3846960616E+04
        32    0.3930000000E+03    0.4178632236E+03    0.1702141764E+03   -0.1315762910E+02   -0.3408350658E+04
        33    0.3750000000E+03    0.4019179633E+03    0.1499888510E+03   -0.1209157896E+02   -0.3489721254E+04
        34    0.3890000000E+03    0.4030453585E+03    0.1499888510E+03   -0.1185461517E+02   -0.3497560060E+04
        35    0.3580000000E+03    0.3737946315E+03    0.1590456371E+03   -0.1406705358E+02   -0.4028521825E+04
        36    0.3440000000E+03    0.3514233191E+03    0.1116809986E+03   -0.1395506117E+02   -0.3555844156E+04
        37    0.3690000000E+03    0.3725077442E+03    0.1363091654E+03   -0.1395506117E+02   -0.3599806950E+04
        38    0.3250000000E+03    0.3522005503E+03    0.1210294535E+03   -0.1439115683E+02   -0.3672496025E+04
        39    0.3380000000E+03    0.3788181898E+03    0.1339983942E+03   -0.1262864322E+02   -0.3595634921E+04
        40    0.3620000000E+03    0.3408292036E+03    0.1149676027E+03   -0.1485538770E+02   -0.3734545455E+04
        41    0.3610000000E+03    0.3958072426E+03    0.1339983942E+03   -0.1082081045E+02   -0.3469172932E+04
        42    0.3850000000E+03    0.3570697916E+03    0.1316050523E+03   -0.1485538770E+02   -0.3719896332E+04
        43    0.3480000000E+03    0.3469656634E+03    0.1210294535E+03   -0.1397151073E+02   -0.3846960616E+04
        44    0.3680000000E+03    0.3839472937E+03    0.1339983942E+03   -0.1315762910E+02   -0.3408350658E+04
        45    0.3410000000E+03    0.3720320192E+03    0.1180763295E+03   -0.1209157896E+02   -0.3489721254E+04
        46    0.3650000000E+03    0.3731594144E+03    0.1180763295E+03   -0.1185461517E+02   -0.3497560060E+04
        47    0.3250000000E+03    0.3421040826E+03    0.1252061399E+03   -0.1406705358E+02   -0.4028521825E+04
        48    0.5130000000E+03    0.4832717869E+03    0.1919436458E+03   -0.9541519525E+01   -0.2909423347E+04
        49    0.4480000000E+03    0.4725490876E+03    0.1902449403E+03   -0.1070969811E+02   -0.2950146199E+04
        50    0.4650000000E+03    0.4609497106E+03    0.1773997318E+03   -0.1009649303E+02   -0.3025665102E+04
        51    0.4460000000E+03    0.4636507042E+03    0.1691363639E+03   -0.9227783940E+01   -0.2914356984E+04
        52    0.4370000000E+03    0.4387908736E+03    0.1646833228E+03   -0.1151292546E+02   -0.3056776557E+04
        53    0.5020000000E+03    0.4852827445E+03    0.1867534164E+03   -0.8890961376E+01   -0.2847083333E+04
        54    0.4650000000E+03    0.4657803720E+03    0.1754063076E+03   -0.9715337279E+01   -0.2929816785E+04
        55    0.4750000000E+03    0.4644734473E+03    0.1849575992E+03   -0.1123212240E+02   -0.2947043990E+04
        56    0.5040000000E+03    0.4911934024E+03    0.1867534164E+03   -0.8693384457E+01   -0.2743239796E+04
        57    0.4860000000E+03    0.4643175247E+03    0.1754063076E+03   -0.1009649303E+02   -0.2909423347E+04
        58    0.4520000000E+03    0.4557319659E+03    0.1885153451E+03   -0.1151292546E+02   -0.3176190476E+04
        59    0.4590000000E+03    0.4493558569E+03    0.1557278635E+03   -0.9541519525E+01   -0.2909423347E+04
        60    0.4150000000E+03    0.4389333144E+03    0.1543496686E+03   -0.1070969811E+02   -0.2950146199E+04
        61    0.4370000000E+03    0.4296036515E+03    0.1439280843E+03   -0.1009649303E+02   -0.3025665102E+04
        62    0.4150000000E+03    0.4337647601E+03    0.1372238424E+03   -0.9227783940E+01   -0.2914356984E+04
        63    0.4010000000E+03    0.4096917700E+03    0.1336109978E+03   -0.1151292546E+02   -0.3056776557E+04
        64    0.4630000000E+03    0.4522839142E+03    0.1515169227E+03   -0.8890961376E+01   -0.2847083333E+04
        65    0.4420000000E+03    0.4347865457E+03    0.1423107779E+03   -0.9715337279E+01   -0.2929816785E+04
        66    0.4380000000E+03    0.4317919332E+03    0.1500599390E+03   -0.1123212240E+02   -0.2947043990E+04
        67    0.4680000000E+03    0.4581945721E+03    0.1515169227E+03   -0.8693384457E+01   -0.2743239796E+04
        68    0.4520000000E+03    0.4333236983E+03    0.1423107779E+03   -0.1009649303E+02   -0.2909423347E+04
        69    0.4220000000E+03    0.4224218075E+03    0.1529464121E+03   -0.1151292546E+02   -0.3176190476E+04
        70    0.4130000000E+03    0.4154399269E+03    0.1195120813E+03   -0.9541519525E+01   -0.2909423347E+04
        71    0.3950000000E+03    0.4053175412E+03    0.1184543968E+03   -0.1070969811E+02   -0.2950146199E+04
        72    0.3980000000E+03    0.3982575923E+03    0.1104564368E+03   -0.1009649303E+02   -0.3025665102E+04
        73    0.3780000000E+03    0.4038788160E+03    0.1053113209E+03   -0.9227783940E+01   -0.2914356984E+04
        74    0.3720000000E+03    0.3805926663E+03    0.1025386727E+03   -0.1151292546E+02   -0.3056776557E+04
        75    0.4150000000E+03    0.4192850840E+03    0.1162804291E+03   -0.8890961376E+01   -0.2847083333E+04
        76    0.3960000000E+03    0.4037927192E+03    0.1092152481E+03   -0.9715337279E+01   -0.2929816785E+04
        77    0.3880000000E+03    0.3991104191E+03    0.1151622788E+03   -0.1123212240E+02   -0.2947043990E+04
        78    0.4150000000E+03    0.4251957419E+03    0.1162804291E+03   -0.8693384457E+01   -0.2743239796E+04
        79    0.3980000000E+03    0.4023298718E+03    0.1092152481E+03   -0.1009649303E+02   -0.2909423347E+04
        80    0.3820000000E+03    0.3891116491E+03    0.1173774790E+03   -0.1151292546E+02   -0.3176190476E+04
        81    0.5230000000E+03    0.4821425742E+03    0.1675776428E+03   -0.8689000351E+01   -0.2546052632E+04
        82    0.5340000000E+03    0.4955476347E+03    0.1774573329E+03   -0.7824046011E+01   -0.2573830409E+04
        83    0.4890000000E+03    0.4924163096E+03    0.1693053691E+03   -0.7315626875E+01   -0.2544369787E+04
        84    0.5000000000E+03    0.4567822581E+03    0.1790005176E+03   -0.6705991302E+01   -0.3621862934E+04
        85    0.4950000000E+03    0.4586621415E+03    0.1456260878E+03   -0.8856096512E+01   -0.2587777778E+04
        86    0.5220000000E+03    0.4899719946E+03    0.1726588189E+03   -0.8373036702E+01   -0.2521692745E+04
        87    0.5310000000E+03    0.5028625505E+03    0.1834773735E+03   -0.7983720419E+01   -0.2514435099E+04
        88    0.5330000000E+03    0.5082481052E+03    0.1805175434E+03   -0.7381175482E+01   -0.2416880616E+04
        89    0.4920000000E+03    0.4930352214E+03    0.1726588189E+03   -0.7013115795E+01   -0.2642331933E+04
        90    0.5050000000E+03    0.4823157980E+03    0.1658135366E+03   -0.8150047928E+01   -0.2580288462E+04
        91    0.5410000000E+03    0.4970702592E+03    0.1758868316E+03   -0.6698596945E+01   -0.2663492063E+04
        92    0.4680000000E+03    0.4501148664E+03    0.1333781238E+03   -0.8689000351E+01   -0.2546052632E+04
        93    0.4590000000E+03    0.4616317047E+03    0.1412415506E+03   -0.7824046011E+01   -0.2573830409E+04
        94    0.4440000000E+03    0.4600583961E+03    0.1347532530E+03   -0.7315626875E+01   -0.2544369787E+04
        95    0.4580000000E+03    0.4225713922E+03    0.1424697997E+03   -0.6705991302E+01   -0.3621862934E+04
        96    0.4450000000E+03    0.4308298502E+03    0.1159064781E+03   -0.8856096512E+01   -0.2587777778E+04
        97    0.4640000000E+03    0.4569731644E+03    0.1374223253E+03   -0.8373036702E+01   -0.2521692745E+04
        98    0.4660000000E+03    0.4677960607E+03    0.1460330116E+03   -0.7983720419E+01   -0.2514435099E+04
        99    0.4860000000E+03    0.4737473029E+03    0.1436772284E+03   -0.7381175482E+01   -0.2416880616E+04
       100    0.4610000000E+03    0.4600363912E+03    0.1374223253E+03   -0.7013115795E+01   -0.2642331933E+04
       101    0.4640000000E+03    0.4506252490E+03    0.1319740393E+03   -0.8150047928E+01   -0.2580288462E+04
       102    0.4750000000E+03    0.4634544861E+03    0.1399915599E+03   -0.6698596945E+01   -0.2663492063E+04
       103    0.4190000000E+03    0.4180871587E+03    0.9917860491E+02   -0.8689000351E+01   -0.2546052632E+04
       104    0.4180000000E+03    0.4277157747E+03    0.1050257684E+03   -0.7824046011E+01   -0.2573830409E+04
       105    0.4020000000E+03    0.4277004825E+03    0.1002011368E+03   -0.7315626875E+01   -0.2544369787E+04
       106    0.3980000000E+03    0.3883605263E+03    0.1059390818E+03   -0.6705991302E+01   -0.3621862934E+04
       107    0.4110000000E+03    0.4029975588E+03    0.8618686832E+02   -0.8856096512E+01   -0.2587777778E+04
       108    0.4280000000E+03    0.4239743341E+03    0.1021858316E+03   -0.8373036702E+01   -0.2521692745E+04
       109    0.4150000000E+03    0.4327295709E+03    0.1085886496E+03   -0.7983720419E+01   -0.2514435099E+04
       110    0.4250000000E+03    0.4392465007E+03    0.1068369135E+03   -0.7381175482E+01   -0.2416880616E+04
       111    0.4120000000E+03    0.4270375608E+03    0.1021858316E+03   -0.7013115795E+01   -0.2642331933E+04
       112    0.4100000000E+03    0.4189347001E+03    0.9813454206E+02   -0.8150047928E+01   -0.2580288462E+04
       113    0.4150000000E+03    0.4298387128E+03    0.1040962881E+03   -0.6698596945E+01   -0.2663492063E+04
       114    0.5820000000E+03    0.5789531782E+03    0.3046812041E+03   -0.9477183506E+01   -0.3138120679E+04
       115    0.5240000000E+03    0.5601569819E+03    0.2946463492E+03   -0.1029479738E+02   -0.3233400402E+04
       116    0.5830000000E+03    0.5734589818E+03    0.3083701969E+03   -0.1022792322E+02   -0.3232692308E+04
       117    0.5690000000E+03    0.5680364189E+03    0.2985859378E+03   -0.9740438604E+01   -0.3217261905E+04
       118    0.5360000000E+03    0.5536326539E+03    0.2946463492E+03   -0.1042003969E+02   -0.3360906217E+04
       119    0.5770000000E+03    0.5829326313E+03    0.3083701969E+03   -0.9740438604E+01   -0.3089947090E+04
       120    0.5650000000E+03    0.5677608553E+03    0.2922311065E+03   -0.9467281838E+01   -0.3129120879E+04
       121    0.5620000000E+03    0.5755746882E+03    0.3083701969E+03   -0.9985774245E+01   -0.3219303797E+04
       122    0.5220000000E+03    0.5270745083E+03    0.2492846216E+03   -0.9477183506E+01   -0.3138120679E+04
       123    0.5040000000E+03    0.5099869664E+03    0.2410742857E+03   -0.1029479738E+02   -0.3233400402E+04
       124    0.5160000000E+03    0.5209521798E+03    0.2523028884E+03   -0.1022792322E+02   -0.3232692308E+04
       125    0.5170000000E+03    0.5171956020E+03    0.2442975855E+03   -0.9740438604E+01   -0.3217261905E+04
       126    0.5110000000E+03    0.5034626385E+03    0.2410742857E+03   -0.1042003969E+02   -0.3360906217E+04
       127    0.5180000000E+03    0.5304258293E+03    0.2523028884E+03   -0.9740438604E+01   -0.3089947090E+04
       128    0.5240000000E+03    0.5180020881E+03    0.2390981781E+03   -0.9467281838E+01   -0.3129120879E+04
       129    0.5030000000E+03    0.5230678861E+03    0.2523028884E+03   -0.9985774245E+01   -0.3219303797E+04
       130    0.4830000000E+03    0.4751958383E+03    0.1938880390E+03   -0.9477183506E+01   -0.3138120679E+04
       131    0.4570000000E+03    0.4598169510E+03    0.1875022222E+03   -0.1029479738E+02   -0.3233400402E+04
       132    0.4820000000E+03    0.4684453777E+03    0.1962355798E+03   -0.1022792322E+02   -0.3232692308E+04
       133    0.4700000000E+03    0.4663547851E+03    0.1900092332E+03   -0.9740438604E+01   -0.3217261905E+04
       134    0.4590000000E+03    0.4532926231E+03    0.1875022222E+03   -0.1042003969E+02   -0.3360906217E+04
       135    0.4900000000E+03    0.4779190272E+03    0.1962355798E+03   -0.9740438604E+01   -0.3089947090E+04
       136    0.4850000000E+03    0.4682433208E+03    0.1859652496E+03   -0.9467281838E+01   -0.3129120879E+04
       137    0.4830000000E+03    0.4705610840E+03    0.1962355798E+03   -0.9985774245E+01   -0.3219303797E+04
       138    0.5870000000E+03    0.5878656062E+03    0.3009006499E+03   -0.6002491339E+01   -0.3343632959E+04
       139    0.5710000000E+03    0.5860085186E+03    0.3024242234E+03   -0.5715989813E+01   -0.3456302521E+04
       140    0.5780000000E+03    0.5941744691E+03    0.3001330428E+03   -0.5364793041E+01   -0.3276041667E+04
       141    0.5260000000E+03    0.5847014181E+03    0.2938456758E+03   -0.6002491339E+01   -0.3267182131E+04
       142    0.5350000000E+03    0.5379975140E+03    0.2970226320E+03   -0.1237874356E+02   -0.3485789822E+04
       143    0.5720000000E+03    0.5874084748E+03    0.3016643604E+03   -0.6190145817E+01   -0.3343632959E+04
       144    0.5620000000E+03    0.5981839238E+03    0.3016643604E+03   -0.5549785905E+01   -0.3193188086E+04
       145    0.5630000000E+03    0.5783091423E+03    0.2954426945E+03   -0.6891228000E+01   -0.3319047619E+04
       146    0.5830000000E+03    0.5883132430E+03    0.3009006499E+03   -0.5357197441E+01   -0.3423214286E+04
       147    0.5850000000E+03    0.5730432715E+03    0.2970226320E+03   -0.6056510931E+01   -0.3584639498E+04
       148    0.5920000000E+03    0.5828845824E+03    0.2962347699E+03   -0.5369566188E+01   -0.3445016611E+04
       149    0.5730000000E+03    0.5677745961E+03    0.3001330428E+03   -0.9792043660E+01   -0.3248090482E+04
       150    0.5360000000E+03    0.5980151646E+03    0.3031802871E+03   -0.6123649875E+01   -0.3148848684E+04
       151    0.5570000000E+03    0.5519733247E+03    0.3031802871E+03   -0.1091111100E+02   -0.3507099391E+04
       152    0.5520000000E+03    0.5366306587E+03    0.2461914408E+03   -0.6002491339E+01   -0.3343632959E+04
       153    0.5190000000E+03    0.5345141492E+03    0.2474380010E+03   -0.5715989813E+01   -0.3456302521E+04
       154    0.5240000000E+03    0.5430702235E+03    0.2455633987E+03   -0.5364793041E+01   -0.3276041667E+04
       155    0.5080000000E+03    0.5346677349E+03    0.2404191893E+03   -0.6002491339E+01   -0.3267182131E+04
       156    0.4900000000E+03    0.4874228842E+03    0.2430185171E+03   -0.1237874356E+02   -0.3485789822E+04
       157    0.5500000000E+03    0.5360434888E+03    0.2468162949E+03   -0.6190145817E+01   -0.3343632959E+04
       158    0.5150000000E+03    0.5468189378E+03    0.2468162949E+03   -0.5549785905E+01   -0.3193188086E+04
       159    0.5300000000E+03    0.5280035317E+03    0.2417258410E+03   -0.6891228000E+01   -0.3319047619E+04
       160    0.5460000000E+03    0.5370782955E+03    0.2461914408E+03   -0.5357197441E+01   -0.3423214286E+04
       161    0.5350000000E+03    0.5224686417E+03    0.2430185171E+03   -0.6056510931E+01   -0.3584639498E+04
       162    0.5500000000E+03    0.5324441034E+03    0.2423739026E+03   -0.5369566188E+01   -0.3445016611E+04
       163    0.5420000000E+03    0.5166703506E+03    0.2455633987E+03   -0.9792043660E+01   -0.3248090482E+04
       164    0.5920000000E+03    0.5463920588E+03    0.2480565986E+03   -0.6123649875E+01   -0.3148848684E+04
       165    0.5240000000E+03    0.5003502189E+03    0.2480565986E+03   -0.1091111100E+02   -0.3507099391E+04
       166    0.4970000000E+03    0.4853957111E+03    0.1914822317E+03   -0.6002491339E+01   -0.3343632959E+04
       167    0.4910000000E+03    0.4830197799E+03    0.1924517786E+03   -0.5715989813E+01   -0.3456302521E+04
       168    0.4630000000E+03    0.4919659779E+03    0.1909937545E+03   -0.5364793041E+01   -0.3276041667E+04
       169    0.4640000000E+03    0.4846340517E+03    0.1869927028E+03   -0.6002491339E+01   -0.3267182131E+04
       170    0.4590000000E+03    0.4368482545E+03    0.1890144022E+03   -0.1237874356E+02   -0.3485789822E+04
       171    0.4890000000E+03    0.4846785027E+03    0.1919682293E+03   -0.6190145817E+01   -0.3343632959E+04
       172    0.4770000000E+03    0.4954539517E+03    0.1919682293E+03   -0.5549785905E+01   -0.3193188086E+04
       173    0.4690000000E+03    0.4776979209E+03    0.1880089874E+03   -0.6891228000E+01   -0.3319047619E+04
       174    0.4960000000E+03    0.4858433479E+03    0.1914822317E+03   -0.5357197441E+01   -0.3423214286E+04
       175    0.4670000000E+03    0.4718940119E+03    0.1890144022E+03   -0.6056510931E+01   -0.3584639498E+04
       176    0.5110000000E+03    0.4820036245E+03    0.1885130354E+03   -0.5369566188E+01   -0.3445016611E+04
       177    0.4900000000E+03    0.4655661050E+03    0.1909937545E+03   -0.9792043660E+01   -0.3248090482E+04
       178    0.5230000000E+03    0.4947689529E+03    0.1929329100E+03   -0.6123649875E+01   -0.3148848684E+04
       179    0.4760000000E+03    0.4487271130E+03    0.1929329100E+03   -0.1091111100E+02   -0.3507099391E+04
       180    0.6100000000E+03    0.6143436661E+03    0.3001330428E+03   -0.4324595017E+01   -0.2972466683E+04
       181    0.5810000000E+03    0.5905015210E+03    0.2946463492E+03   -0.6891228000E+01   -0.3031740105E+04
       182    0.6250000000E+03    0.6246913749E+03    0.3024242234E+03   -0.3659272707E+01   -0.2882630814E+04
       183    0.5620000000E+03    0.6018262004E+03    0.2954426945E+03   -0.5047092442E+01   -0.3052659574E+04
       184    0.6350000000E+03    0.6109819687E+03    0.2970226320E+03   -0.4458993566E+01   -0.2963787954E+04
       185    0.5660000000E+03    0.6025381532E+03    0.2954426945E+03   -0.5034347575E+01   -0.3038617886E+04
       186    0.6380000000E+03    0.6024511352E+03    0.3046812041E+03   -0.6061741313E+01   -0.3090144231E+04
       187    0.6060000000E+03    0.5931756758E+03    0.2954426945E+03   -0.4729235601E+01   -0.3288851351E+04
       188    0.5820000000E+03    0.6024529614E+03    0.3069052332E+03   -0.7274074000E+01   -0.2968167702E+04
       189    0.6340000000E+03    0.6111468220E+03    0.3016643604E+03   -0.5096844127E+01   -0.2968167702E+04
       190    0.5850000000E+03    0.5805417386E+03    0.2978063365E+03   -0.8599805745E+01   -0.3081593407E+04
       191    0.6030000000E+03    0.6092987708E+03    0.3009006499E+03   -0.5331901389E+01   -0.2960714286E+04
       192    0.6250000000E+03    0.5936257746E+03    0.2889473330E+03   -0.4877024213E+01   -0.3123275862E+04
       193    0.6310000000E+03    0.5625036736E+03    0.2930406151E+03   -0.1084375710E+02   -0.3071739130E+04
       194    0.6250000000E+03    0.6252420913E+03    0.3009006499E+03   -0.3674189925E+01   -0.2836647727E+04
       195    0.5510000000E+03    0.5632394206E+03    0.2455633987E+03   -0.4324595017E+01   -0.2972466683E+04
       196    0.5390000000E+03    0.5403315056E+03    0.2410742857E+03   -0.6891228000E+01   -0.3031740105E+04
       197    0.5640000000E+03    0.5731970056E+03    0.2474380010E+03   -0.3659272707E+01   -0.2882630814E+04
       198    0.5500000000E+03    0.5515205897E+03    0.2417258410E+03   -0.5047092442E+01   -0.3052659574E+04
       199    0.5900000000E+03    0.5604073390E+03    0.2430185171E+03   -0.4458993566E+01   -0.2963787954E+04
       200    0.5270000000E+03    0.5522325425E+03    0.2417258410E+03   -0.5034347575E+01   -0.3038617886E+04
       201    0.5570000000E+03    0.5505724653E+03    0.2492846216E+03   -0.6061741313E+01   -0.3090144231E+04
       202    0.5510000000E+03    0.5428700651E+03    0.2417258410E+03   -0.4729235601E+01   -0.3288851351E+04
       203    0.5830000000E+03    0.5501956017E+03    0.2511042817E+03   -0.7274074000E+01   -0.2968167702E+04
       204    0.5700000000E+03    0.5597818360E+03    0.2468162949E+03   -0.5096844127E+01   -0.2968167702E+04
       205    0.5430000000E+03    0.5298336660E+03    0.2436597299E+03   -0.8599805745E+01   -0.3081593407E+04
       206    0.5430000000E+03    0.5580638232E+03    0.2461914408E+03   -0.5331901389E+01   -0.2960714286E+04
       207    0.5630000000E+03    0.5444261419E+03    0.2364114543E+03   -0.4877024213E+01   -0.3123275862E+04
       208    0.5770000000E+03    0.5126070697E+03    0.2397605033E+03   -0.1084375710E+02   -0.3071739130E+04
       209    0.5780000000E+03    0.5740071437E+03    0.2461914408E+03   -0.3674189925E+01   -0.2836647727E+04
       210    0.4900000000E+03    0.5121351750E+03    0.1909937545E+03   -0.4324595017E+01   -0.2972466683E+04
       211    0.4960000000E+03    0.4901614902E+03    0.1875022222E+03   -0.6891228000E+01   -0.3031740105E+04
       212    0.5110000000E+03    0.5217026362E+03    0.1924517786E+03   -0.3659272707E+01   -0.2882630814E+04
       213    0.4940000000E+03    0.5012149790E+03    0.1880089874E+03   -0.5047092442E+01   -0.3052659574E+04
       214    0.5170000000E+03    0.5098327092E+03    0.1890144022E+03   -0.4458993566E+01   -0.2963787954E+04
       215    0.4800000000E+03    0.5019269318E+03    0.1880089874E+03   -0.5034347575E+01   -0.3038617886E+04
       216    0.5020000000E+03    0.4986937953E+03    0.1938880390E+03   -0.6061741313E+01   -0.3090144231E+04
       217    0.5040000000E+03    0.4925644544E+03    0.1880089874E+03   -0.4729235601E+01   -0.3288851351E+04
       218    0.5050000000E+03    0.4979382419E+03    0.1953033302E+03   -0.7274074000E+01   -0.2968167702E+04
       219    0.5020000000E+03    0.5084168499E+03    0.1919682293E+03   -0.5096844127E+01   -0.2968167702E+04
       220    0.4960000000E+03    0.4791255932E+03    0.1895131232E+03   -0.8599805745E+01   -0.3081593407E+04
       221    0.5010000000E+03    0.5068288756E+03    0.1914822317E+03   -0.5331901389E+01   -0.2960714286E+04
       222    0.5170000000E+03    0.4952265092E+03    0.1838755755E+03   -0.4877024213E+01   -0.3123275862E+04
       223    0.5230000000E+03    0.4627104658E+03    0.1864803914E+03   -0.1084375710E+02   -0.3071739130E+04
       224    0.5160000000E+03    0.5227721962E+03    0.1914822317E+03   -0.3674189925E+01   -0.2836647727E+04
       225    0.4860000000E+03    0.4806692853E+03    0.1867534164E+03   -0.1033011129E+02   -0.2749877511E+04
       226    0.4270000000E+03    0.4812945636E+03    0.1952536694E+03   -0.1095799343E+02   -0.2825657895E+04
       227    0.5100000000E+03    0.4806764697E+03    0.1919436458E+03   -0.1086673057E+02   -0.2783208955E+04
       228    0.4510000000E+03    0.4778600682E+03    0.1793493355E+03   -0.1004789542E+02   -0.2697435897E+04
       229    0.4250000000E+03    0.5049195492E+03    0.2045652297E+03   -0.9754169166E+01   -0.2661686319E+04
       230    0.4320000000E+03    0.4838688414E+03    0.1968674093E+03   -0.1095799343E+02   -0.2802052301E+04
       231    0.4820000000E+03    0.4640729507E+03    0.1733665144E+03   -0.1086673057E+02   -0.2765579710E+04
       232    0.4350000000E+03    0.4476704550E+03    0.1515169227E+03   -0.1033011129E+02   -0.2749877511E+04
       233    0.4060000000E+03    0.4467937613E+03    0.1584133544E+03   -0.1095799343E+02   -0.2825657895E+04
       234    0.4700000000E+03    0.4467605397E+03    0.1557278635E+03   -0.1086673057E+02   -0.2783208955E+04
       235    0.4380000000E+03    0.4461695192E+03    0.1455098382E+03   -0.1004789542E+02   -0.2697435897E+04
       236    0.4040000000E+03    0.4687734190E+03    0.1659680165E+03   -0.9754169166E+01   -0.2661686319E+04
       237    0.4060000000E+03    0.4490828955E+03    0.1597226151E+03   -0.1095799343E+02   -0.2802052301E+04
       238    0.4430000000E+03    0.4334395503E+03    0.1406558513E+03   -0.1086673057E+02   -0.2765579710E+04
       239    0.3970000000E+03    0.4146716247E+03    0.1162804291E+03   -0.1033011129E+02   -0.2749877511E+04
       240    0.3850000000E+03    0.4122929591E+03    0.1215730395E+03   -0.1095799343E+02   -0.2825657895E+04
       241    0.4250000000E+03    0.4128446098E+03    0.1195120813E+03   -0.1086673057E+02   -0.2783208955E+04
       242    0.3960000000E+03    0.4144789704E+03    0.1116703410E+03   -0.1004789542E+02   -0.2697435897E+04
       243    0.3800000000E+03    0.4326272890E+03    0.1273708034E+03   -0.9754169166E+01   -0.2661686319E+04
       244    0.3630000000E+03    0.4142969497E+03    0.1225778209E+03   -0.1095799343E+02   -0.2802052301E+04
       245    0.3980000000E+03    0.4028061499E+03    0.1079451882E+03   -0.1086673057E+02   -0.2765579710E+04
       246    0.5050000000E+03    0.4970048936E+03    0.1919436458E+03   -0.9467281838E+01   -0.2614761905E+04
       247    0.5360000000E+03    0.5273123207E+03    0.2235096563E+03   -0.9354550534E+01   -0.2613835524E+04
       248    0.4840000000E+03    0.4885701269E+03    0.1831262156E+03   -0.9740438604E+01   -0.2580803571E+04
       249    0.4950000000E+03    0.5034123960E+03    0.1968674093E+03   -0.9378035723E+01   -0.2587251356E+04
       250    0.5510000000E+03    0.4837396650E+03    0.1831262156E+03   -0.1029479738E+02   -0.2611163671E+04
       251    0.4770000000E+03    0.5179076764E+03    0.2000178213E+03   -0.8525487020E+01   -0.2449156118E+04
       252    0.5300000000E+03    0.5205434923E+03    0.2247445413E+03   -0.9849111248E+01   -0.2721215925E+04
       253    0.5160000000E+03    0.4676114882E+03    0.1754063076E+03   -0.1086673057E+02   -0.2729421769E+04
       254    0.4450000000E+03    0.4773336456E+03    0.1773997318E+03   -0.1001873685E+02   -0.2672626895E+04
       255    0.5510000000E+03    0.5335730008E+03    0.2184281209E+03   -0.8856096512E+01   -0.2438284214E+04
       256    0.5100000000E+03    0.5054048698E+03    0.2030719996E+03   -0.1003082822E+02   -0.2581474992E+04
       257    0.4430000000E+03    0.4893156893E+03    0.1867534164E+03   -0.9754169166E+01   -0.2637774004E+04
       258    0.4490000000E+03    0.4630889636E+03    0.1557278635E+03   -0.9467281838E+01   -0.2614761905E+04
       259    0.5020000000E+03    0.4878187609E+03    0.1813380230E+03   -0.9354550534E+01   -0.2613835524E+04
       260    0.4510000000E+03    0.4562122133E+03    0.1485740994E+03   -0.9740438604E+01   -0.2580803571E+04
       261    0.4590000000E+03    0.4686264502E+03    0.1597226151E+03   -0.9378035723E+01   -0.2587251356E+04
       262    0.4970000000E+03    0.4513817514E+03    0.1485740994E+03   -0.1029479738E+02   -0.2611163671E+04
       263    0.4510000000E+03    0.4825650613E+03    0.1622786098E+03   -0.8525487020E+01   -0.2449156118E+04
       264    0.4970000000E+03    0.4808317317E+03    0.1823399109E+03   -0.9849111248E+01   -0.2721215925E+04
       265    0.4610000000E+03    0.4366176618E+03    0.1423107779E+03   -0.1086673057E+02   -0.2729421769E+04
       266    0.3990000000E+03    0.4459875865E+03    0.1439280843E+03   -0.1001873685E+02   -0.2672626895E+04
       267    0.5020000000E+03    0.4949773347E+03    0.1772152679E+03   -0.8856096512E+01   -0.2438284214E+04
       268    0.4900000000E+03    0.4695225895E+03    0.1647565280E+03   -0.1003082822E+02   -0.2581474992E+04
       269    0.4240000000E+03    0.4563168590E+03    0.1515169227E+03   -0.9754169166E+01   -0.2637774004E+04
       270    0.4110000000E+03    0.4291730337E+03    0.1195120813E+03   -0.9467281838E+01   -0.2614761905E+04
       271    0.4480000000E+03    0.4483252012E+03    0.1391663898E+03   -0.9354550534E+01   -0.2613835524E+04
       272    0.4040000000E+03    0.4238542998E+03    0.1140219833E+03   -0.9740438604E+01   -0.2580803571E+04
       273    0.4110000000E+03    0.4338405044E+03    0.1225778209E+03   -0.9378035723E+01   -0.2587251356E+04
       274    0.4380000000E+03    0.4190238379E+03    0.1140219833E+03   -0.1029479738E+02   -0.2611163671E+04
       275    0.4100000000E+03    0.4472224460E+03    0.1245393982E+03   -0.8525487020E+01   -0.2449156118E+04
       276    0.4500000000E+03    0.4411199711E+03    0.1399352805E+03   -0.9849111248E+01   -0.2721215925E+04
       277    0.4100000000E+03    0.4056238353E+03    0.1092152481E+03   -0.1086673057E+02   -0.2729421769E+04
       278    0.3830000000E+03    0.4146415273E+03    0.1104564368E+03   -0.1001873685E+02   -0.2672626895E+04
       279    0.4600000000E+03    0.4563816687E+03    0.1360024149E+03   -0.8856096512E+01   -0.2438284214E+04
       280    0.4420000000E+03    0.4336403090E+03    0.1264410563E+03   -0.1003082822E+02   -0.2581474992E+04
       281    0.3990000000E+03    0.4233180288E+03    0.1162804291E+03   -0.9754169166E+01   -0.2637774004E+04
       282    0.5630000000E+03    0.5694159340E+03    0.2752021874E+03    0.3057269134E+01   -0.4475765306E+04
       283    0.5300000000E+03    0.5672035348E+03    0.2605076067E+03    0.3045498875E+01   -0.4217672414E+04
       284    0.5700000000E+03    0.5699153367E+03    0.2684872420E+03    0.3033684116E+01   -0.4321759259E+04
       285    0.5780000000E+03    0.5886385866E+03    0.2776377316E+03    0.2921288365E+01   -0.4080687831E+04
       286    0.5370000000E+03    0.5595948839E+03    0.2586665020E+03    0.3119302730E+01   -0.4358582949E+04
       287    0.5690000000E+03    0.5726751417E+03    0.2752021874E+03    0.2964624615E+01   -0.4390538033E+04
       288    0.5760000000E+03    0.5613127551E+03    0.2768306406E+03    0.3507423116E+01   -0.4752021563E+04
       289    0.5490000000E+03    0.5924280526E+03    0.2735542306E+03    0.2844070136E+01   -0.3900904977E+04
       290    0.5220000000E+03    0.5651039602E+03    0.2718861755E+03    0.3310839243E+01   -0.4537735849E+04
       291    0.5700000000E+03    0.5699166601E+03    0.2710444173E+03    0.3068995226E+01   -0.4379807692E+04
       292    0.5100000000E+03    0.5207884420E+03    0.2232772464E+03    0.3057269134E+01   -0.4475765306E+04
       293    0.5100000000E+03    0.5211725359E+03    0.2113552281E+03    0.3045498875E+01   -0.4217672414E+04
       294    0.5170000000E+03    0.5224743575E+03    0.2178292718E+03    0.3033684116E+01   -0.4321759259E+04
       295    0.5400000000E+03    0.5395807403E+03    0.2252532539E+03    0.2921288365E+01   -0.4080687831E+04
       296    0.5180000000E+03    0.5138892033E+03    0.2098615016E+03    0.3119302730E+01   -0.4358582949E+04
       297    0.5230000000E+03    0.5240476496E+03    0.2232772464E+03    0.2964624615E+01   -0.4390538033E+04
       298    0.5370000000E+03    0.5123975197E+03    0.2245984443E+03    0.3507423116E+01   -0.4752021563E+04
       299    0.5360000000E+03    0.5440917501E+03    0.2219402248E+03    0.2844070136E+01   -0.3900904977E+04
       300    0.5030000000E+03    0.5170623986E+03    0.2205868971E+03    0.3310839243E+01   -0.4537735849E+04
       301    0.5400000000E+03    0.5220238350E+03    0.2199039612E+03    0.3068995226E+01   -0.4379807692E+04
       302    0.4900000000E+03    0.4721609499E+03    0.1713523054E+03    0.3057269134E+01   -0.4475765306E+04
       303    0.4770000000E+03    0.4751415371E+03    0.1622028495E+03    0.3045498875E+01   -0.4217672414E+04
       304    0.4830000000E+03    0.4750333784E+03    0.1671713016E+03    0.3033684116E+01   -0.4321759259E+04
       305    0.5030000000E+03    0.4905228942E+03    0.1728687763E+03    0.2921288365E+01   -0.4080687831E+04
       306    0.4710000000E+03    0.4681835228E+03    0.1610565013E+03    0.3119302730E+01   -0.4358582949E+04
       307    0.4760000000E+03    0.4754201576E+03    0.1713523054E+03    0.2964624615E+01   -0.4390538033E+04
       308    0.5020000000E+03    0.4634822843E+03    0.1723662479E+03    0.3507423116E+01   -0.4752021563E+04
       309    0.4960000000E+03    0.4957554477E+03    0.1703262191E+03    0.2844070136E+01   -0.3900904977E+04
       310    0.4710000000E+03    0.4690208370E+03    0.1692876187E+03    0.3310839243E+01   -0.4537735849E+04
       311    0.4970000000E+03    0.4741310098E+03    0.1687635051E+03    0.3068995226E+01   -0.4379807692E+04
       312    0.5910000000E+03    0.5781751126E+03    0.2277272455E+03    0.1577399075E+01   -0.3088663968E+04
       313    0.5900000000E+03    0.5861267799E+03    0.2357807366E+03    0.1732867951E+01   -0.3101136364E+04
       314    0.6060000000E+03    0.6096650676E+03    0.2531460761E+03    0.1925270554E+01   -0.2966262136E+04
       315    0.5840000000E+03    0.5802963105E+03    0.2318239350E+03    0.1469466662E+01   -0.3111781609E+04
       316    0.6040000000E+03    0.5844484036E+03    0.2357807366E+03    0.1863252087E+01   -0.3156494961E+04
       317    0.5910000000E+03    0.5919385109E+03    0.2403601436E+03    0.1617758105E+01   -0.3051344086E+04
       318    0.5880000000E+03    0.5904553100E+03    0.2334227713E+03    0.1540722005E+01   -0.2929323308E+04
       319    0.5880000000E+03    0.5773034229E+03    0.2334227713E+03    0.1575885529E+01   -0.3226255293E+04
       320    0.5500000000E+03    0.5936255248E+03    0.2373268840E+03    0.1762697519E+01   -0.2970909553E+04
       321    0.6090000000E+03    0.5907633379E+03    0.2403601436E+03    0.1764447792E+01   -0.3097790507E+04
       322    0.6040000000E+03    0.5829573413E+03    0.2373268840E+03    0.1743915719E+01   -0.3205204021E+04
       323    0.6190000000E+03    0.6074367006E+03    0.2469186300E+03    0.1811442450E+01   -0.2870448179E+04
       324    0.6430000000E+03    0.5974586984E+03    0.2490291480E+03    0.2030854294E+01   -0.3166351351E+04
       325    0.5690000000E+03    0.5838974466E+03    0.2302027355E+03    0.1353989814E+01   -0.2982079343E+04
       326    0.5510000000E+03    0.5327994484E+03    0.1792746400E+03    0.1577399075E+01   -0.3088663968E+04
       327    0.5430000000E+03    0.5391464220E+03    0.1856146225E+03    0.1732867951E+01   -0.3101136364E+04
       328    0.5430000000E+03    0.5592245887E+03    0.1992852088E+03    0.1925270554E+01   -0.2966262136E+04
       329    0.5240000000E+03    0.5341043628E+03    0.1824996935E+03    0.1469466662E+01   -0.3111781609E+04
       330    0.5710000000E+03    0.5374680456E+03    0.1856146225E+03    0.1863252087E+01   -0.3156494961E+04
       331    0.5420000000E+03    0.5440456857E+03    0.1892196875E+03    0.1617758105E+01   -0.3051344086E+04
       332    0.5310000000E+03    0.5439447871E+03    0.1837583519E+03    0.1540722005E+01   -0.2929323308E+04
       333    0.5310000000E+03    0.5307929000E+03    0.1837583519E+03    0.1575885529E+01   -0.3226255293E+04
       334    0.5120000000E+03    0.5463370901E+03    0.1868318023E+03    0.1762697519E+01   -0.2970909553E+04
       335    0.5630000000E+03    0.5428705128E+03    0.1892196875E+03    0.1764447792E+01   -0.3097790507E+04
       336    0.5500000000E+03    0.5356689066E+03    0.1868318023E+03    0.1743915719E+01   -0.3205204021E+04
       337    0.5830000000E+03    0.5582370680E+03    0.1943827513E+03    0.1811442450E+01   -0.2870448179E+04
       338    0.5830000000E+03    0.5478385357E+03    0.1960442229E+03    0.2030854294E+01   -0.3166351351E+04
       339    0.5500000000E+03    0.5380285301E+03    0.1812234301E+03    0.1353989814E+01   -0.2982079343E+04
       340    0.4820000000E+03    0.4874237843E+03    0.1308220346E+03    0.1577399075E+01   -0.3088663968E+04
       341    0.4820000000E+03    0.4921660640E+03    0.1354485083E+03    0.1732867951E+01   -0.3101136364E+04
       342    0.4900000000E+03    0.5087841098E+03    0.1454243416E+03    0.1925270554E+01   -0.2966262136E+04
       343    0.4760000000E+03    0.4879124151E+03    0.1331754520E+03    0.1469466662E+01   -0.3111781609E+04
       344    0.4830000000E+03    0.4904876876E+03    0.1354485083E+03    0.1863252087E+01   -0.3156494961E+04
       345    0.4800000000E+03    0.4961528606E+03    0.1380792314E+03    0.1617758105E+01   -0.3051344086E+04
       346    0.4910000000E+03    0.4974342641E+03    0.1340939324E+03    0.1540722005E+01   -0.2929323308E+04
       347    0.4710000000E+03    0.4842823770E+03    0.1340939324E+03    0.1575885529E+01   -0.3226255293E+04
       348    0.4690000000E+03    0.4990486553E+03    0.1363367206E+03    0.1762697519E+01   -0.2970909553E+04
       349    0.4900000000E+03    0.4949776876E+03    0.1380792314E+03    0.1764447792E+01   -0.3097790507E+04
       350    0.4830000000E+03    0.4883804719E+03    0.1363367206E+03    0.1743915719E+01   -0.3205204021E+04
       351    0.4980000000E+03    0.5090374353E+03    0.1418468726E+03    0.1811442450E+01   -0.2870448179E+04
       352    0.4910000000E+03    0.4982183729E+03    0.1430592978E+03    0.2030854294E+01   -0.3166351351E+04
       353    0.4630000000E+03    0.4921596136E+03    0.1322441247E+03    0.1353989814E+01   -0.2982079343E+04
       354    0.6000000000E+03    0.5924234204E+03    0.2403601436E+03    0.1202795338E+01   -0.2983008274E+04
       355    0.6150000000E+03    0.5817938326E+03    0.2268900054E+03    0.1091114099E+01   -0.2923432251E+04
       356    0.6070000000E+03    0.5863439998E+03    0.2380924599E+03    0.1258829803E+01   -0.3078624079E+04
       357    0.5960000000E+03    0.5792686764E+03    0.2260465403E+03    0.1112833973E+01   -0.2964978903E+04
       358    0.6180000000E+03    0.5815061639E+03    0.2293835018E+03    0.1055870005E+01   -0.2976785714E+04
       359    0.5850000000E+03    0.5928858998E+03    0.2396090133E+03    0.1199564622E+01   -0.2956669624E+04
       360    0.5510000000E+03    0.5445305953E+03    0.1892196875E+03    0.1202795338E+01   -0.2983008274E+04
       361    0.5560000000E+03    0.5365849923E+03    0.1786155362E+03    0.1091114099E+01   -0.2923432251E+04
       362    0.5500000000E+03    0.5389030207E+03    0.1874344897E+03    0.1258829803E+01   -0.3078624079E+04
       363    0.5370000000E+03    0.5342279002E+03    0.1779515317E+03    0.1112833973E+01   -0.2964978903E+04
       364    0.5430000000E+03    0.5358004833E+03    0.1805785014E+03    0.1055870005E+01   -0.2976785714E+04
       365    0.5430000000E+03    0.5451427406E+03    0.1886283721E+03    0.1199564622E+01   -0.2956669624E+04
       366    0.4710000000E+03    0.4966377701E+03    0.1380792314E+03    0.1202795338E+01   -0.2983008274E+04
       367    0.4760000000E+03    0.4913761519E+03    0.1303410669E+03    0.1091114099E+01   -0.2923432251E+04
       368    0.4820000000E+03    0.4914620416E+03    0.1367765195E+03    0.1258829803E+01   -0.3078624079E+04
       369    0.4770000000E+03    0.4891871241E+03    0.1298565232E+03    0.1112833973E+01   -0.2964978903E+04
       370    0.4910000000E+03    0.4900948027E+03    0.1317735010E+03    0.1055870005E+01   -0.2976785714E+04
       371    0.4790000000E+03    0.4973995815E+03    0.1376477310E+03    0.1199564622E+01   -0.2956669624E+04
       372    0.7810000000E+03    0.8125610601E+03    0.4938043158E+03   -0.5991464547E+01   -0.2367156863E+04
       373    0.6980000000E+03    0.8039097069E+03    0.4961336159E+03   -0.8079245940E+01   -0.2318072955E+04
       374    0.9060000000E+03    0.8192481991E+03    0.5014852388E+03   -0.6319246427E+01   -0.2332920320E+04
       375    0.7400000000E+03    0.7284800246E+03    0.4040217129E+03   -0.5991464547E+01   -0.2367156863E+04
       376    0.6780000000E+03    0.7194320569E+03    0.4059275039E+03   -0.8079245940E+01   -0.2318072955E+04
       377    0.7700000000E+03    0.7338593176E+03    0.4103061044E+03   -0.6319246427E+01   -0.2332920320E+04
       378    0.7940000000E+03    0.7511037163E+03    0.4138373735E+03   -0.4533824063E+01   -0.2271115467E+04
       379    0.8550000000E+03    0.7188446158E+03    0.3923489134E+03   -0.5647150570E+01   -0.2386141636E+04
       380    0.7680000000E+03    0.7368781701E+03    0.4001979645E+03   -0.4857170470E+01   -0.2258507621E+04
       381    0.7450000000E+03    0.6824227317E+03    0.3404991048E+03   -0.4533824063E+01   -0.2271115467E+04
       382    0.7070000000E+03    0.6537298837E+03    0.3228187262E+03   -0.5647150570E+01   -0.2386141636E+04
       383    0.7180000000E+03    0.6704607993E+03    0.3292768062E+03   -0.4857170470E+01   -0.2258507621E+04
       384    0.8740000000E+03    0.7903317131E+03    0.5029934741E+03   -0.7983720419E+01   -0.2775499043E+04
       385    0.8290000000E+03    0.7821436934E+03    0.4801695762E+03   -0.6657182830E+01   -0.2666708044E+04
       386    0.7000000000E+03    0.8006123170E+03    0.4999678763E+03   -0.6351105289E+01   -0.2710777979E+04
       387    0.8060000000E+03    0.7075883701E+03    0.4121543551E+03   -0.7824046011E+01   -0.2745974235E+04
       388    0.7200000000E+03    0.7010153494E+03    0.3935398879E+03   -0.6657182830E+01   -0.2666708044E+04
       389    0.6880000000E+03    0.7136137836E+03    0.4078155660E+03   -0.6351105289E+01   -0.2726284067E+04
       390    0.1034000000E+04    0.1079467128E+04    0.7666271771E+03    0.2877695080E+01   -0.3344234079E+04
       391    0.1139000000E+04    0.1111138698E+04    0.7723915077E+03    0.2721471439E+01   -0.2739130435E+04
       392    0.1002000000E+04    0.1001060289E+04    0.7203290677E+03    0.3457568617E+01   -0.4202982601E+04
       393    0.1056000000E+04    0.1079467128E+04    0.7666271771E+03    0.2877695080E+01   -0.3344234079E+04
       394    0.1124000000E+04    0.1111138698E+04    0.7723915077E+03    0.2721471439E+01   -0.2739130435E+04
       395    0.1082000000E+04    0.1001060289E+04    0.7203290677E+03    0.3457568617E+01   -0.4202982601E+04
       396    0.1054000000E+04    0.1079467128E+04    0.7666271771E+03    0.2877695080E+01   -0.3344234079E+04
       397    0.1190000000E+04    0.1111138698E+04    0.7723915077E+03    0.2721471439E+01   -0.2739130435E+04
       398    0.9350000000E+03    0.1001060289E+04    0.7203290677E+03    0.3457568617E+01   -0.4202982601E+04
       399    0.1037000000E+04    0.1043569969E+04    0.7282958183E+03    0.2877695080E+01   -0.3344234079E+04
       400    0.1110000000E+04    0.1074971625E+04    0.7337719323E+03    0.2721471439E+01   -0.2739130435E+04
       401    0.1035000000E+04    0.9673310294E+03    0.6843126143E+03    0.3457568617E+01   -0.4202982601E+04
       402    0.9270000000E+03    0.1006088371E+04    0.7395468372E+03   -0.2153914580E+01   -0.3712500000E+04
       403    0.9760000000E+03    0.1058962403E+04    0.7695201373E+03   -0.2220980973E+01   -0.3152389152E+04
       404    0.9860000000E+03    0.1012077549E+04    0.7666271771E+03   -0.1748393027E+01   -0.4198924731E+04
       405    0.9560000000E+03    0.1006088371E+04    0.7395468372E+03   -0.2153914580E+01   -0.3712500000E+04
       406    0.9460000000E+03    0.1058962403E+04    0.7695201373E+03   -0.2220980973E+01   -0.3152389152E+04
       407    0.1089000000E+04    0.1012077549E+04    0.7666271771E+03   -0.1748393027E+01   -0.4198924731E+04
       408    0.9600000000E+03    0.1006088371E+04    0.7395468372E+03   -0.2153914580E+01   -0.3712500000E+04
       409    0.1033000000E+04    0.1058962403E+04    0.7695201373E+03   -0.2220980973E+01   -0.3152389152E+04
       410    0.1080000000E+04    0.1012077549E+04    0.7666271771E+03   -0.1748393027E+01   -0.4198924731E+04
       411    0.9240000000E+03    0.9714592441E+03    0.7025694954E+03   -0.2153914580E+01   -0.3712500000E+04
       412    0.1009000000E+04    0.1022929782E+04    0.7310441304E+03   -0.2220980973E+01   -0.3152389152E+04
       413    0.1053000000E+04    0.9761803908E+03    0.7282958183E+03   -0.1748393027E+01   -0.4198924731E+04
       414    0.8540000000E+03    0.9063438036E+03    0.8928152239E+03   -0.4414549826E+02   -0.3289330922E+04
       415    0.1086000000E+04    0.1070277114E+04    0.8819790172E+03   -0.1875607145E+02   -0.2945917285E+04
       416    0.8890000000E+03    0.9044684903E+03    0.8571530158E+03   -0.3543913684E+02   -0.3797175866E+04
       417    0.8840000000E+03    0.9063438036E+03    0.8928152239E+03   -0.4414549826E+02   -0.3289330922E+04
       418    0.1057000000E+04    0.1070277114E+04    0.8819790172E+03   -0.1875607145E+02   -0.2945917285E+04
       419    0.9000000000E+03    0.9044684903E+03    0.8571530158E+03   -0.3543913684E+02   -0.3797175866E+04
       420    0.8760000000E+03    0.9063438036E+03    0.8928152239E+03   -0.4414549826E+02   -0.3289330922E+04
       421    0.1068000000E+04    0.1070277114E+04    0.8819790172E+03   -0.1875607145E+02   -0.2945917285E+04
       422    0.8380000000E+03    0.9044684903E+03    0.8571530158E+03   -0.3543913684E+02   -0.3797175866E+04
       423    0.8730000000E+03    0.8645379158E+03    0.8481744627E+03   -0.4414549826E+02   -0.3289330922E+04
       424    0.1120000000E+04    0.1028978630E+04    0.8378800663E+03   -0.1875607145E+02   -0.2945917285E+04
       425    0.8980000000E+03    0.8643324779E+03    0.8142953650E+03   -0.3543913684E+02   -0.3797175866E+04
       426    0.1074000000E+04    0.1087841825E+04    0.9116830744E+03   -0.1632973300E+02   -0.3510204082E+04
       427    0.1006000000E+04    0.1069708984E+04    0.8429825944E+03   -0.1042327554E+02   -0.3303571429E+04
       428    0.8580000000E+03    0.8920213612E+03    0.8797795591E+03   -0.3785319332E+02   -0.4209219858E+04
       429    0.1144000000E+04    0.1087841825E+04    0.9116830744E+03   -0.1632973300E+02   -0.3510204082E+04
       430    0.1028000000E+04    0.1069708984E+04    0.8429825944E+03   -0.1042327554E+02   -0.3303571429E+04
       431    0.9480000000E+03    0.8920213612E+03    0.8797795591E+03   -0.3785319332E+02   -0.4209219858E+04
       432    0.1080000000E+04    0.1087841825E+04    0.9116830744E+03   -0.1632973300E+02   -0.3510204082E+04
       433    0.1030000000E+04    0.1069708984E+04    0.8429825944E+03   -0.1042327554E+02   -0.3303571429E+04
       434    0.9570000000E+03    0.8920213612E+03    0.8797795591E+03   -0.3785319332E+02   -0.4209219858E+04
       435    0.1104000000E+04    0.1045152454E+04    0.8660989207E+03   -0.1632973300E+02   -0.3510204082E+04
       436    0.1008000000E+04    0.1030236498E+04    0.8008334647E+03   -0.1042327554E+02   -0.3303571429E+04
       437    0.8820000000E+03    0.8508258657E+03    0.8357905812E+03   -0.3785319332E+02   -0.4209219858E+04
