     Index       y_measurement           y_fitting        descriptor_1        descriptor_2
         1    0.2320000000E+03    0.2268578633E+03    0.7800000000E+01   -0.2935932943E+00
         2    0.2350000000E+03    0.2443571808E+03    0.7500000000E+01   -0.1955780129E+01
         3    0.2350000000E+03    0.2289327364E+03    0.7800000000E+01   -0.4845813551E+00
         4    0.2410000000E+03    0.2267851493E+03    0.7800000000E+01   -0.2869001114E+00
         5    0.2250000000E+03    0.2252037998E+03    0.6600000000E+01   -0.3469738932E+00
         6    0.2450000000E+03    0.2312931999E+03    0.7800000000E+01   -0.7018574502E+00
         7    0.2550000000E+03    0.2294614773E+03    0.8400000000E+01   -0.4304339487E+00
         8    0.2450000000E+03    0.2273356636E+03    0.8100000000E+01   -0.2861653956E+00
         9    0.2750000000E+03    0.2383360005E+03    0.8100000000E+01   -0.1298725147E+01
        10    0.2390000000E+03    0.2251598980E+03    0.6600000000E+01   -0.3429328239E+00
        11    0.2550000000E+03    0.2272779052E+03    0.6900000000E+01   -0.4864827976E+00
        12    0.3970000000E+03    0.4351267821E+03    0.1207500000E+03   -0.1090489379E+00
        13    0.4190000000E+03    0.4455189617E+03    0.1207500000E+03   -0.1065628985E+01
        14    0.4010000000E+03    0.4302032123E+03    0.1173000000E+03   -0.2470414752E+00
        15    0.3940000000E+03    0.4540252673E+03    0.1242000000E+03   -0.1257420354E+01
        16    0.4260000000E+03    0.4250109512E+03    0.1138500000E+03   -0.3603014818E+00
        17    0.4260000000E+03    0.4622326685E+03    0.1311000000E+03   -0.8305005546E+00
        18    0.4540000000E+03    0.4353935735E+03    0.1138500000E+03   -0.1316001794E+01
        19    0.4180000000E+03    0.4173650347E+03    0.1104000000E+03   -0.2477072687E+00
        20    0.4160000000E+03    0.4594225683E+03    0.1276500000E+03   -0.1163033866E+01
        21    0.3950000000E+03    0.4351129844E+03    0.1207500000E+03   -0.1077788875E+00
        22    0.4330000000E+03    0.4490847828E+03    0.1276500000E+03   -0.2114607030E+00
        23    0.3790000000E+03    0.4285068992E+03    0.1104000000E+03   -0.1273294355E+01
        24    0.3820000000E+03    0.4025478419E+03    0.1032500000E+03   -0.1090489379E+00
        25    0.3850000000E+03    0.4129400215E+03    0.1032500000E+03   -0.1065628985E+01
        26    0.3650000000E+03    0.3985550990E+03    0.1003000000E+03   -0.2470414752E+00
        27    0.3790000000E+03    0.4205155002E+03    0.1062000000E+03   -0.1257420354E+01
        28    0.3770000000E+03    0.3942936647E+03    0.9735000000E+02   -0.3603014818E+00
        29    0.3940000000E+03    0.4268612478E+03    0.1121000000E+03   -0.8305005546E+00
        30    0.4250000000E+03    0.4046762870E+03    0.9735000000E+02   -0.1316001794E+01
        31    0.3950000000E+03    0.3875785752E+03    0.9440000000E+02   -0.2477072687E+00
        32    0.3930000000E+03    0.4249819744E+03    0.1091500000E+03   -0.1163033866E+01
        33    0.3750000000E+03    0.4025340442E+03    0.1032500000E+03   -0.1077788875E+00
        34    0.3890000000E+03    0.4146441889E+03    0.1091500000E+03   -0.2114607030E+00
        35    0.3580000000E+03    0.3987204397E+03    0.9440000000E+02   -0.1273294355E+01
        36    0.3440000000E+03    0.3699689017E+03    0.8575000000E+02   -0.1090489379E+00
        37    0.3690000000E+03    0.3803610814E+03    0.8575000000E+02   -0.1065628985E+01
        38    0.3250000000E+03    0.3669069857E+03    0.8330000000E+02   -0.2470414752E+00
        39    0.3380000000E+03    0.3870057332E+03    0.8820000000E+02   -0.1257420354E+01
        40    0.3620000000E+03    0.3635763782E+03    0.8085000000E+02   -0.3603014818E+00
        41    0.3610000000E+03    0.3914898270E+03    0.9310000000E+02   -0.8305005546E+00
        42    0.3850000000E+03    0.3739590006E+03    0.8085000000E+02   -0.1316001794E+01
        43    0.3480000000E+03    0.3577921156E+03    0.7840000000E+02   -0.2477072687E+00
        44    0.3680000000E+03    0.3905413804E+03    0.9065000000E+02   -0.1163033866E+01
        45    0.3410000000E+03    0.3699551040E+03    0.8575000000E+02   -0.1077788875E+00
        46    0.3650000000E+03    0.3802035950E+03    0.9065000000E+02   -0.2114607030E+00
        47    0.3250000000E+03    0.3689339801E+03    0.7840000000E+02   -0.1273294355E+01
        48    0.5130000000E+03    0.4943922984E+03    0.1462500000E+03   -0.1194603672E+01
        49    0.4480000000E+03    0.4919393080E+03    0.1462500000E+03   -0.9688106511E+00
        50    0.4650000000E+03    0.4882375476E+03    0.1462500000E+03   -0.6280707602E+00
        51    0.4460000000E+03    0.4772715970E+03    0.1430000000E+03   -0.1756014928E+00
        52    0.4370000000E+03    0.4652869319E+03    0.1365000000E+03   -0.1862868098E+00
        53    0.5020000000E+03    0.5082037855E+03    0.1560000000E+03   -0.7951485053E+00
        54    0.4650000000E+03    0.4977728830E+03    0.1527500000E+03   -0.3919293775E+00
        55    0.4750000000E+03    0.4818504351E+03    0.1397500000E+03   -0.1153999969E+01
        56    0.5040000000E+03    0.5131429556E+03    0.1592500000E+03   -0.6928642769E+00
        57    0.4860000000E+03    0.4849765300E+03    0.1462500000E+03   -0.3279003959E+00
        58    0.4520000000E+03    0.4751750514E+03    0.1365000000E+03   -0.1096469092E+01
        59    0.4590000000E+03    0.4525050896E+03    0.1237500000E+03   -0.1194603672E+01
        60    0.4150000000E+03    0.4500520992E+03    0.1237500000E+03   -0.9688106511E+00
        61    0.4370000000E+03    0.4463503388E+03    0.1237500000E+03   -0.6280707602E+00
        62    0.4150000000E+03    0.4363152151E+03    0.1210000000E+03   -0.1756014928E+00
        63    0.4010000000E+03    0.4261922037E+03    0.1155000000E+03   -0.1862868098E+00
        64    0.4630000000E+03    0.4635240962E+03    0.1320000000E+03   -0.7951485053E+00
        65    0.4420000000E+03    0.4540240205E+03    0.1292500000E+03   -0.3919293775E+00
        66    0.4380000000E+03    0.4418248800E+03    0.1182500000E+03   -0.1153999969E+01
        67    0.4680000000E+03    0.4675324394E+03    0.1347500000E+03   -0.6928642769E+00
        68    0.4520000000E+03    0.4430893212E+03    0.1237500000E+03   -0.3279003959E+00
        69    0.4220000000E+03    0.4360803232E+03    0.1155000000E+03   -0.1096469092E+01
        70    0.4130000000E+03    0.4106178808E+03    0.1012500000E+03   -0.1194603672E+01
        71    0.3950000000E+03    0.4081648904E+03    0.1012500000E+03   -0.9688106511E+00
        72    0.3980000000E+03    0.4044631300E+03    0.1012500000E+03   -0.6280707602E+00
        73    0.3780000000E+03    0.3953588331E+03    0.9900000000E+02   -0.1756014928E+00
        74    0.3720000000E+03    0.3870974755E+03    0.9450000000E+02   -0.1862868098E+00
        75    0.4150000000E+03    0.4188444068E+03    0.1080000000E+03   -0.7951485053E+00
        76    0.3960000000E+03    0.4102751579E+03    0.1057500000E+03   -0.3919293775E+00
        77    0.3880000000E+03    0.4017993249E+03    0.9675000000E+02   -0.1153999969E+01
        78    0.4150000000E+03    0.4219219231E+03    0.1102500000E+03   -0.6928642769E+00
        79    0.3980000000E+03    0.4012021124E+03    0.1012500000E+03   -0.3279003959E+00
        80    0.3820000000E+03    0.3969855950E+03    0.9450000000E+02   -0.1096469092E+01
        81    0.5230000000E+03    0.5293024304E+03    0.1677500000E+03   -0.7237388666E+00
        82    0.5340000000E+03    0.5250883751E+03    0.1647000000E+03   -0.8584961869E+00
        83    0.4890000000E+03    0.5074884167E+03    0.1586000000E+03   -0.2837599580E+00
        84    0.5000000000E+03    0.5363222009E+03    0.1708000000E+03   -0.8472422077E+00
        85    0.4950000000E+03    0.5165591201E+03    0.1647000000E+03   -0.7339474629E-01
        86    0.5220000000E+03    0.5421149250E+03    0.1738500000E+03   -0.8577983021E+00
        87    0.5310000000E+03    0.5190609664E+03    0.1616500000E+03   -0.8263378281E+00
        88    0.5330000000E+03    0.5400703458E+03    0.1738500000E+03   -0.6695987413E+00
        89    0.4920000000E+03    0.5344359672E+03    0.1708000000E+03   -0.6736180470E+00
        90    0.5050000000E+03    0.5124767826E+03    0.1586000000E+03   -0.7429293925E+00
        91    0.5410000000E+03    0.5236320981E+03    0.1647000000E+03   -0.7244487047E+00
        92    0.4680000000E+03    0.4781069530E+03    0.1402500000E+03   -0.7237388666E+00
        93    0.4590000000E+03    0.4748237246E+03    0.1377000000E+03   -0.8584961869E+00
        94    0.4440000000E+03    0.4590854199E+03    0.1326000000E+03   -0.2837599580E+00
        95    0.4580000000E+03    0.4841958966E+03    0.1428000000E+03   -0.8472422077E+00
        96    0.4450000000E+03    0.4662944695E+03    0.1377000000E+03   -0.7339474629E-01
        97    0.4640000000E+03    0.4890577938E+03    0.1453500000E+03   -0.8577983021E+00
        98    0.4660000000E+03    0.4697271427E+03    0.1351500000E+03   -0.8263378281E+00
        99    0.4860000000E+03    0.4870132146E+03    0.1453500000E+03   -0.6695987413E+00
       100    0.4610000000E+03    0.4823096629E+03    0.1428000000E+03   -0.6736180470E+00
       101    0.4640000000E+03    0.4640737857E+03    0.1326000000E+03   -0.7429293925E+00
       102    0.4750000000E+03    0.4733674476E+03    0.1377000000E+03   -0.7244487047E+00
       103    0.4190000000E+03    0.4269114756E+03    0.1127500000E+03   -0.7237388666E+00
       104    0.4180000000E+03    0.4245590740E+03    0.1107000000E+03   -0.8584961869E+00
       105    0.4020000000E+03    0.4106824230E+03    0.1066000000E+03   -0.2837599580E+00
       106    0.3980000000E+03    0.4320695923E+03    0.1148000000E+03   -0.8472422077E+00
       107    0.4110000000E+03    0.4160298189E+03    0.1107000000E+03   -0.7339474629E-01
       108    0.4280000000E+03    0.4360006627E+03    0.1168500000E+03   -0.8577983021E+00
       109    0.4150000000E+03    0.4203933190E+03    0.1086500000E+03   -0.8263378281E+00
       110    0.4250000000E+03    0.4339560835E+03    0.1168500000E+03   -0.6695987413E+00
       111    0.4120000000E+03    0.4301833587E+03    0.1148000000E+03   -0.6736180470E+00
       112    0.4100000000E+03    0.4156707889E+03    0.1066000000E+03   -0.7429293925E+00
       113    0.4150000000E+03    0.4231027970E+03    0.1107000000E+03   -0.7244487047E+00
       114    0.5820000000E+03    0.6002054414E+03    0.1440500000E+03   -0.1131149449E+02
       115    0.5240000000E+03    0.5909775426E+03    0.1407000000E+03   -0.1103614569E+02
       116    0.5830000000E+03    0.5961916599E+03    0.1340000000E+03   -0.1266421801E+02
       117    0.5690000000E+03    0.5881228911E+03    0.1407000000E+03   -0.1077338054E+02
       118    0.5360000000E+03    0.5970112437E+03    0.1306500000E+03   -0.1331372056E+02
       119    0.5770000000E+03    0.6109782213E+03    0.1407000000E+03   -0.1287716950E+02
       120    0.5650000000E+03    0.6053331912E+03    0.1407000000E+03   -0.1235755539E+02
       121    0.5620000000E+03    0.5921193366E+03    0.1340000000E+03   -0.1228936852E+02
       122    0.5220000000E+03    0.5601798863E+03    0.1225500000E+03   -0.1131149449E+02
       123    0.5040000000E+03    0.5518828143E+03    0.1197000000E+03   -0.1103614569E+02
       124    0.5160000000E+03    0.5589585855E+03    0.1140000000E+03   -0.1266421801E+02
       125    0.5170000000E+03    0.5490281629E+03    0.1197000000E+03   -0.1077338054E+02
       126    0.5110000000E+03    0.5607089961E+03    0.1111500000E+03   -0.1331372056E+02
       127    0.5180000000E+03    0.5718834931E+03    0.1197000000E+03   -0.1287716950E+02
       128    0.5240000000E+03    0.5662384630E+03    0.1197000000E+03   -0.1235755539E+02
       129    0.5030000000E+03    0.5548862621E+03    0.1140000000E+03   -0.1228936852E+02
       130    0.4830000000E+03    0.5201543312E+03    0.1010500000E+03   -0.1131149449E+02
       131    0.4570000000E+03    0.5127880861E+03    0.9870000000E+02   -0.1103614569E+02
       132    0.4820000000E+03    0.5217255110E+03    0.9400000000E+02   -0.1266421801E+02
       133    0.4700000000E+03    0.5099334346E+03    0.9870000000E+02   -0.1077338054E+02
       134    0.4590000000E+03    0.5244067485E+03    0.9165000000E+02   -0.1331372056E+02
       135    0.4900000000E+03    0.5327887649E+03    0.9870000000E+02   -0.1287716950E+02
       136    0.4850000000E+03    0.5271437347E+03    0.9870000000E+02   -0.1235755539E+02
       137    0.4830000000E+03    0.5176531876E+03    0.9400000000E+02   -0.1228936852E+02
       138    0.5870000000E+03    0.5925144860E+03    0.1742000000E+03   -0.5437003887E+01
       139    0.5710000000E+03    0.5842927650E+03    0.1675000000E+03   -0.5828333262E+01
       140    0.5780000000E+03    0.5960683645E+03    0.1775500000E+03   -0.5190070085E+01
       141    0.5260000000E+03    0.5926163404E+03    0.1742000000E+03   -0.5446379383E+01
       142    0.5350000000E+03    0.5865546003E+03    0.1708500000E+03   -0.5462469375E+01
       143    0.5720000000E+03    0.5869325800E+03    0.1708500000E+03   -0.5497261677E+01
       144    0.5620000000E+03    0.6019297756E+03    0.1775500000E+03   -0.5729601641E+01
       145    0.5630000000E+03    0.5998339755E+03    0.1809000000E+03   -0.4962625850E+01
       146    0.5830000000E+03    0.5943659622E+03    0.1742000000E+03   -0.5607428692E+01
       147    0.5850000000E+03    0.5845807732E+03    0.1708500000E+03   -0.5280782407E+01
       148    0.5920000000E+03    0.5877981723E+03    0.1708500000E+03   -0.5576937775E+01
       149    0.5730000000E+03    0.5957469774E+03    0.1775500000E+03   -0.5160487018E+01
       150    0.5360000000E+03    0.6043648804E+03    0.1809000000E+03   -0.5379686883E+01
       151    0.5570000000E+03    0.5853010464E+03    0.1675000000E+03   -0.5921143608E+01
       152    0.5520000000E+03    0.5441114892E+03    0.1482000000E+03   -0.5437003887E+01
       153    0.5190000000E+03    0.5377514219E+03    0.1425000000E+03   -0.5828333262E+01
       154    0.5240000000E+03    0.5467345408E+03    0.1510500000E+03   -0.5190070085E+01
       155    0.5080000000E+03    0.5442133435E+03    0.1482000000E+03   -0.5446379383E+01
       156    0.4900000000E+03    0.5390824303E+03    0.1453500000E+03   -0.5462469375E+01
       157    0.5500000000E+03    0.5394604100E+03    0.1453500000E+03   -0.5497261677E+01
       158    0.5150000000E+03    0.5525959519E+03    0.1510500000E+03   -0.5729601641E+01
       159    0.5300000000E+03    0.5495693250E+03    0.1539000000E+03   -0.4962625850E+01
       160    0.5460000000E+03    0.5459629654E+03    0.1482000000E+03   -0.5607428692E+01
       161    0.5350000000E+03    0.5371086032E+03    0.1453500000E+03   -0.5280782407E+01
       162    0.5500000000E+03    0.5403260023E+03    0.1453500000E+03   -0.5576937775E+01
       163    0.5420000000E+03    0.5464131537E+03    0.1510500000E+03   -0.5160487018E+01
       164    0.5920000000E+03    0.5541002298E+03    0.1539000000E+03   -0.5379686883E+01
       165    0.5240000000E+03    0.5387597032E+03    0.1425000000E+03   -0.5921143608E+01
       166    0.4970000000E+03    0.4957084923E+03    0.1222000000E+03   -0.5437003887E+01
       167    0.4910000000E+03    0.4912100788E+03    0.1175000000E+03   -0.5828333262E+01
       168    0.4630000000E+03    0.4974007171E+03    0.1245500000E+03   -0.5190070085E+01
       169    0.4640000000E+03    0.4958103467E+03    0.1222000000E+03   -0.5446379383E+01
       170    0.4590000000E+03    0.4916102603E+03    0.1198500000E+03   -0.5462469375E+01
       171    0.4890000000E+03    0.4919882400E+03    0.1198500000E+03   -0.5497261677E+01
       172    0.4770000000E+03    0.5032621282E+03    0.1245500000E+03   -0.5729601641E+01
       173    0.4690000000E+03    0.4993046744E+03    0.1269000000E+03   -0.4962625850E+01
       174    0.4960000000E+03    0.4975599685E+03    0.1222000000E+03   -0.5607428692E+01
       175    0.4670000000E+03    0.4896364332E+03    0.1198500000E+03   -0.5280782407E+01
       176    0.5110000000E+03    0.4928538323E+03    0.1198500000E+03   -0.5576937775E+01
       177    0.4900000000E+03    0.4970793300E+03    0.1245500000E+03   -0.5160487018E+01
       178    0.5230000000E+03    0.5038355793E+03    0.1269000000E+03   -0.5379686883E+01
       179    0.4760000000E+03    0.4922183601E+03    0.1175000000E+03   -0.5921143608E+01
       180    0.6100000000E+03    0.6369705427E+03    0.2043500000E+03   -0.4362544930E+01
       181    0.5810000000E+03    0.6070681122E+03    0.1876000000E+03   -0.4480391246E+01
       182    0.6250000000E+03    0.6569708055E+03    0.2177500000E+03   -0.3907284659E+01
       183    0.5620000000E+03    0.6125881002E+03    0.1909500000E+03   -0.4414434022E+01
       184    0.6350000000E+03    0.6273171411E+03    0.1976500000E+03   -0.4622090871E+01
       185    0.5660000000E+03    0.6160191677E+03    0.1909500000E+03   -0.4730257158E+01
       186    0.6380000000E+03    0.6238234888E+03    0.1943000000E+03   -0.4874568375E+01
       187    0.6060000000E+03    0.6097387268E+03    0.1876000000E+03   -0.4726216162E+01
       188    0.5820000000E+03    0.6220315223E+03    0.1909500000E+03   -0.5283682776E+01
       189    0.6340000000E+03    0.6260674611E+03    0.1976500000E+03   -0.4507060242E+01
       190    0.5850000000E+03    0.6161274717E+03    0.1909500000E+03   -0.4740226328E+01
       191    0.6030000000E+03    0.6227395726E+03    0.1943000000E+03   -0.4774795983E+01
       192    0.6250000000E+03    0.6104763728E+03    0.1909500000E+03   -0.4220053603E+01
       193    0.6310000000E+03    0.6199856140E+03    0.1943000000E+03   -0.4521299420E+01
       194    0.6250000000E+03    0.6565080386E+03    0.2177500000E+03   -0.3864687865E+01
       195    0.5510000000E+03    0.5801901041E+03    0.1738500000E+03   -0.4362544930E+01
       196    0.5390000000E+03    0.5549418079E+03    0.1596000000E+03   -0.4480391246E+01
       197    0.5640000000E+03    0.5964670594E+03    0.1852500000E+03   -0.3907284659E+01
       198    0.5500000000E+03    0.5595309690E+03    0.1624500000E+03   -0.4414434022E+01
       199    0.5900000000E+03    0.5723983562E+03    0.1681500000E+03   -0.4622090871E+01
       200    0.5270000000E+03    0.5629620366E+03    0.1624500000E+03   -0.4730257158E+01
       201    0.5570000000E+03    0.5698355308E+03    0.1653000000E+03   -0.4874568375E+01
       202    0.5510000000E+03    0.5576124225E+03    0.1596000000E+03   -0.4726216162E+01
       203    0.5830000000E+03    0.5689743912E+03    0.1624500000E+03   -0.5283682776E+01
       204    0.5700000000E+03    0.5711486762E+03    0.1681500000E+03   -0.4507060242E+01
       205    0.5430000000E+03    0.5630703405E+03    0.1624500000E+03   -0.4740226328E+01
       206    0.5430000000E+03    0.5687516145E+03    0.1653000000E+03   -0.4774795983E+01
       207    0.5630000000E+03    0.5574192417E+03    0.1624500000E+03   -0.4220053603E+01
       208    0.5770000000E+03    0.5659976560E+03    0.1653000000E+03   -0.4521299420E+01
       209    0.5780000000E+03    0.5960042926E+03    0.1852500000E+03   -0.3864687865E+01
       210    0.4900000000E+03    0.5234096655E+03    0.1433500000E+03   -0.4362544930E+01
       211    0.4960000000E+03    0.5028155036E+03    0.1316000000E+03   -0.4480391246E+01
       212    0.5110000000E+03    0.5359633134E+03    0.1527500000E+03   -0.3907284659E+01
       213    0.4940000000E+03    0.5064738379E+03    0.1339500000E+03   -0.4414434022E+01
       214    0.5170000000E+03    0.5174795714E+03    0.1386500000E+03   -0.4622090871E+01
       215    0.4800000000E+03    0.5099049054E+03    0.1339500000E+03   -0.4730257158E+01
       216    0.5020000000E+03    0.5158475727E+03    0.1363000000E+03   -0.4874568375E+01
       217    0.5040000000E+03    0.5054861182E+03    0.1316000000E+03   -0.4726216162E+01
       218    0.5050000000E+03    0.5159172600E+03    0.1339500000E+03   -0.5283682776E+01
       219    0.5020000000E+03    0.5162298914E+03    0.1386500000E+03   -0.4507060242E+01
       220    0.4960000000E+03    0.5100132094E+03    0.1339500000E+03   -0.4740226328E+01
       221    0.5010000000E+03    0.5147636565E+03    0.1363000000E+03   -0.4774795983E+01
       222    0.5170000000E+03    0.5043621105E+03    0.1339500000E+03   -0.4220053603E+01
       223    0.5230000000E+03    0.5120096980E+03    0.1363000000E+03   -0.4521299420E+01
       224    0.5160000000E+03    0.5355005465E+03    0.1527500000E+03   -0.3864687865E+01
       225    0.4860000000E+03    0.4596601453E+03    0.1267500000E+03   -0.1339127840E+01
       226    0.4270000000E+03    0.4575027965E+03    0.1235000000E+03   -0.1697473334E+01
       227    0.5100000000E+03    0.4659905509E+03    0.1300000000E+03   -0.1364904150E+01
       228    0.4510000000E+03    0.4608502150E+03    0.1300000000E+03   -0.8917461675E+00
       229    0.4250000000E+03    0.4853589493E+03    0.1332500000E+03   -0.2590802493E+01
       230    0.4320000000E+03    0.4630748609E+03    0.1235000000E+03   -0.2210371094E+01
       231    0.4820000000E+03    0.4547660837E+03    0.1300000000E+03   -0.3317136472E+00
       232    0.4350000000E+03    0.4233578977E+03    0.1072500000E+03   -0.1339127840E+01
       233    0.4060000000E+03    0.4221313757E+03    0.1045000000E+03   -0.1697473334E+01
       234    0.4700000000E+03    0.4287574764E+03    0.1100000000E+03   -0.1364904150E+01
       235    0.4380000000E+03    0.4236171405E+03    0.1100000000E+03   -0.8917461675E+00
       236    0.4040000000E+03    0.4471950480E+03    0.1127500000E+03   -0.2590802493E+01
       237    0.4060000000E+03    0.4277034402E+03    0.1045000000E+03   -0.2210371094E+01
       238    0.4430000000E+03    0.4175330092E+03    0.1100000000E+03   -0.3317136472E+00
       239    0.3970000000E+03    0.3870556501E+03    0.8775000000E+02   -0.1339127840E+01
       240    0.3850000000E+03    0.3867599549E+03    0.8550000000E+02   -0.1697473334E+01
       241    0.4250000000E+03    0.3915244019E+03    0.9000000000E+02   -0.1364904150E+01
       242    0.3960000000E+03    0.3863840660E+03    0.9000000000E+02   -0.8917461675E+00
       243    0.3800000000E+03    0.4090311466E+03    0.9225000000E+02   -0.2590802493E+01
       244    0.3630000000E+03    0.3923320194E+03    0.8550000000E+02   -0.2210371094E+01
       245    0.3980000000E+03    0.3802999348E+03    0.9000000000E+02   -0.3317136472E+00
       246    0.5050000000E+03    0.4815398054E+03    0.1365000000E+03   -0.1682332393E+01
       247    0.5360000000E+03    0.4995642405E+03    0.1397500000E+03   -0.2784521508E+01
       248    0.4840000000E+03    0.4762988843E+03    0.1365000000E+03   -0.1199915737E+01
       249    0.4950000000E+03    0.4800463200E+03    0.1365000000E+03   -0.1544859953E+01
       250    0.5510000000E+03    0.4755651410E+03    0.1365000000E+03   -0.1132376086E+01
       251    0.4770000000E+03    0.4933931311E+03    0.1462500000E+03   -0.1102632251E+01
       252    0.5300000000E+03    0.4872585758E+03    0.1332500000E+03   -0.2765659442E+01
       253    0.5160000000E+03    0.4556547826E+03    0.1300000000E+03   -0.4135166557E+00
       254    0.4450000000E+03    0.4677307943E+03    0.1332500000E+03   -0.9681649034E+00
       255    0.5510000000E+03    0.5171126942E+03    0.1495000000E+03   -0.2729046895E+01
       256    0.5100000000E+03    0.4888726252E+03    0.1397500000E+03   -0.1800378995E+01
       257    0.4430000000E+03    0.4710512294E+03    0.1332500000E+03   -0.1273804531E+01
       258    0.4490000000E+03    0.4424450772E+03    0.1155000000E+03   -0.1682332393E+01
       259    0.5020000000E+03    0.4595386854E+03    0.1182500000E+03   -0.2784521508E+01
       260    0.4510000000E+03    0.4372041561E+03    0.1155000000E+03   -0.1199915737E+01
       261    0.4590000000E+03    0.4409515918E+03    0.1155000000E+03   -0.1544859953E+01
       262    0.4970000000E+03    0.4364704128E+03    0.1155000000E+03   -0.1132376086E+01
       263    0.4510000000E+03    0.4515059223E+03    0.1237500000E+03   -0.1102632251E+01
       264    0.4970000000E+03    0.4490946745E+03    0.1127500000E+03   -0.2765659442E+01
       265    0.4610000000E+03    0.4184217081E+03    0.1100000000E+03   -0.4135166557E+00
       266    0.3990000000E+03    0.4295668929E+03    0.1127500000E+03   -0.9681649034E+00
       267    0.5020000000E+03    0.4742946586E+03    0.1265000000E+03   -0.2729046895E+01
       268    0.4900000000E+03    0.4488470701E+03    0.1182500000E+03   -0.1800378995E+01
       269    0.4240000000E+03    0.4328873280E+03    0.1127500000E+03   -0.1273804531E+01
       270    0.4110000000E+03    0.4033503490E+03    0.9450000000E+02   -0.1682332393E+01
       271    0.4480000000E+03    0.4195131303E+03    0.9675000000E+02   -0.2784521508E+01
       272    0.4040000000E+03    0.3981094279E+03    0.9450000000E+02   -0.1199915737E+01
       273    0.4110000000E+03    0.4018568636E+03    0.9450000000E+02   -0.1544859953E+01
       274    0.4380000000E+03    0.3973756846E+03    0.9450000000E+02   -0.1132376086E+01
       275    0.4100000000E+03    0.4096187135E+03    0.1012500000E+03   -0.1102632251E+01
       276    0.4500000000E+03    0.4109307731E+03    0.9225000000E+02   -0.2765659442E+01
       277    0.4100000000E+03    0.3811886336E+03    0.9000000000E+02   -0.4135166557E+00
       278    0.3830000000E+03    0.3914029916E+03    0.9225000000E+02   -0.9681649034E+00
       279    0.4600000000E+03    0.4314766229E+03    0.1035000000E+03   -0.2729046895E+01
       280    0.4420000000E+03    0.4088215151E+03    0.9675000000E+02   -0.1800378995E+01
       281    0.3990000000E+03    0.3947234266E+03    0.9225000000E+02   -0.1273804531E+01
       282    0.5630000000E+03    0.5451821417E+03    0.1040000000E+03   -0.1310973926E+02
       283    0.5300000000E+03    0.5137635795E+03    0.1040000000E+03   -0.1021772135E+02
       284    0.5700000000E+03    0.5433481518E+03    0.1040000000E+03   -0.1294092403E+02
       285    0.5780000000E+03    0.5813899347E+03    0.1137500000E+03   -0.1477182075E+02
       286    0.5370000000E+03    0.4995994439E+03    0.1007500000E+03   -0.9470865340E+01
       287    0.5690000000E+03    0.5469166753E+03    0.1072500000E+03   -0.1271247444E+02
       288    0.5760000000E+03    0.5375649412E+03    0.9100000000E+02   -0.1463629182E+02
       289    0.5490000000E+03    0.5412917074E+03    0.1105000000E+03   -0.1163778173E+02
       290    0.5220000000E+03    0.5322851545E+03    0.9750000000E+02   -0.1303644709E+02
       291    0.5700000000E+03    0.5258984693E+03    0.1040000000E+03   -0.1133471450E+02
       292    0.5100000000E+03    0.5153956821E+03    0.8800000000E+02   -0.1310973926E+02
       293    0.5100000000E+03    0.4839771199E+03    0.8800000000E+02   -0.1021772135E+02
       294    0.5170000000E+03    0.5135616922E+03    0.8800000000E+02   -0.1294092403E+02
       295    0.5400000000E+03    0.5488109946E+03    0.9625000000E+02   -0.1477182075E+02
       296    0.5180000000E+03    0.4707438112E+03    0.8525000000E+02   -0.9470865340E+01
       297    0.5230000000E+03    0.5161993889E+03    0.9075000000E+02   -0.1271247444E+02
       298    0.5370000000E+03    0.5115017891E+03    0.7700000000E+02   -0.1463629182E+02
       299    0.5360000000E+03    0.5096435941E+03    0.9350000000E+02   -0.1163778173E+02
       300    0.5030000000E+03    0.5043603486E+03    0.8250000000E+02   -0.1303644709E+02
       301    0.5400000000E+03    0.4961120098E+03    0.8800000000E+02   -0.1133471450E+02
       302    0.4900000000E+03    0.4856092225E+03    0.7200000000E+02   -0.1310973926E+02
       303    0.4770000000E+03    0.4541906603E+03    0.7200000000E+02   -0.1021772135E+02
       304    0.4830000000E+03    0.4837752326E+03    0.7200000000E+02   -0.1294092403E+02
       305    0.5030000000E+03    0.5162320544E+03    0.7875000000E+02   -0.1477182075E+02
       306    0.4710000000E+03    0.4418881785E+03    0.6975000000E+02   -0.9470865340E+01
       307    0.4760000000E+03    0.4854821024E+03    0.7425000000E+02   -0.1271247444E+02
       308    0.5020000000E+03    0.4854386369E+03    0.6300000000E+02   -0.1463629182E+02
       309    0.4960000000E+03    0.4779954807E+03    0.7650000000E+02   -0.1163778173E+02
       310    0.4710000000E+03    0.4764355428E+03    0.6750000000E+02   -0.1303644709E+02
       311    0.4970000000E+03    0.4663255502E+03    0.7200000000E+02   -0.1133471450E+02
       312    0.5910000000E+03    0.5579609242E+03    0.1681500000E+03   -0.3293153168E+01
       313    0.5900000000E+03    0.5652145201E+03    0.1711000000E+03   -0.3455315842E+01
       314    0.6060000000E+03    0.5988338585E+03    0.1888000000E+03   -0.3516810164E+01
       315    0.5840000000E+03    0.5587674029E+03    0.1681500000E+03   -0.3367387973E+01
       316    0.6040000000E+03    0.5773110737E+03    0.1799500000E+03   -0.3052229829E+01
       317    0.5910000000E+03    0.5722504895E+03    0.1770000000E+03   -0.3091929635E+01
       318    0.5880000000E+03    0.5911124414E+03    0.1888000000E+03   -0.2806068647E+01
       319    0.5880000000E+03    0.5444869134E+03    0.1593000000E+03   -0.3569446910E+01
       320    0.5500000000E+03    0.5857369175E+03    0.1858500000E+03   -0.2816778863E+01
       321    0.6090000000E+03    0.5845432321E+03    0.1829000000E+03   -0.3212419228E+01
       322    0.6040000000E+03    0.5582289694E+03    0.1681500000E+03   -0.3317826205E+01
       323    0.6190000000E+03    0.6037316109E+03    0.1947000000E+03   -0.2956605209E+01
       324    0.6430000000E+03    0.5829891687E+03    0.1799500000E+03   -0.3574887495E+01
       325    0.5690000000E+03    0.5710252725E+03    0.1770000000E+03   -0.2979150780E+01
       326    0.5510000000E+03    0.5049037931E+03    0.1396500000E+03   -0.3293153168E+01
       327    0.5430000000E+03    0.5112265620E+03    0.1421000000E+03   -0.3455315842E+01
       328    0.5430000000E+03    0.5392609393E+03    0.1568000000E+03   -0.3516810164E+01
       329    0.5240000000E+03    0.5057102718E+03    0.1396500000E+03   -0.3367387973E+01
       330    0.5710000000E+03    0.5205306351E+03    0.1494500000E+03   -0.3052229829E+01
       331    0.5420000000E+03    0.5164008778E+03    0.1470000000E+03   -0.3091929635E+01
       332    0.5310000000E+03    0.5315395222E+03    0.1568000000E+03   -0.2806068647E+01
       333    0.5310000000E+03    0.4942222628E+03    0.1323000000E+03   -0.3569446910E+01
       334    0.5120000000E+03    0.5270948252E+03    0.1543500000E+03   -0.2816778863E+01
       335    0.5630000000E+03    0.5268319666E+03    0.1519000000E+03   -0.3212419228E+01
       336    0.5500000000E+03    0.5051718382E+03    0.1396500000E+03   -0.3317826205E+01
       337    0.5830000000E+03    0.5422970380E+03    0.1617000000E+03   -0.2956605209E+01
       338    0.5830000000E+03    0.5262087301E+03    0.1494500000E+03   -0.3574887495E+01
       339    0.5500000000E+03    0.5151756608E+03    0.1470000000E+03   -0.2979150780E+01
       340    0.4820000000E+03    0.4518466619E+03    0.1111500000E+03   -0.3293153168E+01
       341    0.4820000000E+03    0.4572386040E+03    0.1131000000E+03   -0.3455315842E+01
       342    0.4900000000E+03    0.4796880201E+03    0.1248000000E+03   -0.3516810164E+01
       343    0.4760000000E+03    0.4526531406E+03    0.1111500000E+03   -0.3367387973E+01
       344    0.4830000000E+03    0.4637501965E+03    0.1189500000E+03   -0.3052229829E+01
       345    0.4800000000E+03    0.4605512661E+03    0.1170000000E+03   -0.3091929635E+01
       346    0.4910000000E+03    0.4719666030E+03    0.1248000000E+03   -0.2806068647E+01
       347    0.4710000000E+03    0.4439576123E+03    0.1053000000E+03   -0.3569446910E+01
       348    0.4690000000E+03    0.4684527328E+03    0.1228500000E+03   -0.2816778863E+01
       349    0.4900000000E+03    0.4691207012E+03    0.1209000000E+03   -0.3212419228E+01
       350    0.4830000000E+03    0.4521147071E+03    0.1111500000E+03   -0.3317826205E+01
       351    0.4980000000E+03    0.4808624651E+03    0.1287000000E+03   -0.2956605209E+01
       352    0.4910000000E+03    0.4694282915E+03    0.1189500000E+03   -0.3574887495E+01
       353    0.4630000000E+03    0.4593260491E+03    0.1170000000E+03   -0.2979150780E+01
       354    0.6000000000E+03    0.5578718569E+03    0.1386500000E+03   -0.8340122665E+01
       355    0.6150000000E+03    0.5385372442E+03    0.1386500000E+03   -0.6560408945E+01
       356    0.6070000000E+03    0.5426718712E+03    0.1298000000E+03   -0.8457543760E+01
       357    0.5960000000E+03    0.5291586283E+03    0.1327500000E+03   -0.6708159081E+01
       358    0.6180000000E+03    0.5410794702E+03    0.1416000000E+03   -0.6288899138E+01
       359    0.5850000000E+03    0.5552409901E+03    0.1445500000E+03   -0.7086922867E+01
       360    0.5510000000E+03    0.5141229944E+03    0.1151500000E+03   -0.8340122665E+01
       361    0.5560000000E+03    0.4947883817E+03    0.1151500000E+03   -0.6560408945E+01
       362    0.5500000000E+03    0.5017154893E+03    0.1078000000E+03   -0.8457543760E+01
       363    0.5370000000E+03    0.4872714195E+03    0.1102500000E+03   -0.6708159081E+01
       364    0.5430000000E+03    0.4963997808E+03    0.1176000000E+03   -0.6288899138E+01
       365    0.5430000000E+03    0.5096304739E+03    0.1200500000E+03   -0.7086922867E+01
       366    0.4710000000E+03    0.4703741319E+03    0.9165000000E+02   -0.8340122665E+01
       367    0.4760000000E+03    0.4510395192E+03    0.9165000000E+02   -0.6560408945E+01
       368    0.4820000000E+03    0.4607591074E+03    0.8580000000E+02   -0.8457543760E+01
       369    0.4770000000E+03    0.4453842107E+03    0.8775000000E+02   -0.6708159081E+01
       370    0.4910000000E+03    0.4517200915E+03    0.9360000000E+02   -0.6288899138E+01
       371    0.4790000000E+03    0.4640199576E+03    0.9555000000E+02   -0.7086922867E+01
       372    0.7810000000E+03    0.7212050786E+03    0.2670000000E+03   -0.1380365229E+01
       373    0.6980000000E+03    0.7106440911E+03    0.2625500000E+03   -0.1170805979E+01
       374    0.9060000000E+03    0.7266571484E+03    0.2714500000E+03   -0.1119658479E+01
       375    0.7400000000E+03    0.6430156222E+03    0.2250000000E+03   -0.1380365229E+01
       376    0.6780000000E+03    0.6337577923E+03    0.2212500000E+03   -0.1170805979E+01
       377    0.7700000000E+03    0.6471645344E+03    0.2287500000E+03   -0.1119658479E+01
       378    0.7940000000E+03    0.8225340213E+03    0.3003000000E+03   -0.5001156345E+01
       379    0.8550000000E+03    0.8283839436E+03    0.2912000000E+03   -0.7099021180E+01
       380    0.7680000000E+03    0.8093057943E+03    0.2957500000E+03   -0.4563219028E+01
       381    0.7450000000E+03    0.7365256192E+03    0.2541000000E+03   -0.5001156345E+01
       382    0.7070000000E+03    0.7449818567E+03    0.2464000000E+03   -0.7099021180E+01
       383    0.7180000000E+03    0.7246005498E+03    0.2502500000E+03   -0.4563219028E+01
       384    0.8740000000E+03    0.7234819255E+03    0.2358500000E+03   -0.6927859238E+01
       385    0.8290000000E+03    0.7225691202E+03    0.2403000000E+03   -0.6081278038E+01
       386    0.7000000000E+03    0.7348596613E+03    0.2581000000E+03   -0.4162361642E+01
       387    0.8060000000E+03    0.6600020054E+03    0.2025000000E+03   -0.6799565548E+01
       388    0.7200000000E+03    0.6512250312E+03    0.2025000000E+03   -0.5991662044E+01
       389    0.6880000000E+03    0.6586115284E+03    0.2175000000E+03   -0.4101150442E+01
       390    0.1034000000E+04    0.1088009160E+04    0.4452000000E+03   -0.4607330004E+01
       391    0.1139000000E+04    0.1064562982E+04    0.4346000000E+03   -0.4265587890E+01
       392    0.1002000000E+04    0.9160839553E+03    0.3498000000E+03   -0.5129846416E+01
       393    0.1056000000E+04    0.1088009160E+04    0.4452000000E+03   -0.4607330004E+01
       394    0.1124000000E+04    0.1064562982E+04    0.4346000000E+03   -0.4265587890E+01
       395    0.1082000000E+04    0.9160839553E+03    0.3498000000E+03   -0.5129846416E+01
       396    0.1054000000E+04    0.1088009160E+04    0.4452000000E+03   -0.4607330004E+01
       397    0.1190000000E+04    0.1064562982E+04    0.4346000000E+03   -0.4265587890E+01
       398    0.9350000000E+03    0.9160839553E+03    0.3498000000E+03   -0.5129846416E+01
       399    0.1037000000E+04    0.1119284943E+04    0.4620000000E+03   -0.4607330004E+01
       400    0.1110000000E+04    0.1095094103E+04    0.4510000000E+03   -0.4265587890E+01
       401    0.1035000000E+04    0.9406577845E+03    0.3630000000E+03   -0.5129846416E+01
       402    0.9270000000E+03    0.1025223961E+04    0.4134000000E+03   -0.4277373518E+01
       403    0.9760000000E+03    0.1032710101E+04    0.4134000000E+03   -0.4966458191E+01
       404    0.9860000000E+03    0.9693436386E+03    0.3710000000E+03   -0.6399430825E+01
       405    0.9560000000E+03    0.1025223961E+04    0.4134000000E+03   -0.4277373518E+01
       406    0.9460000000E+03    0.1032710101E+04    0.4134000000E+03   -0.4966458191E+01
       407    0.1089000000E+04    0.9693436386E+03    0.3710000000E+03   -0.6399430825E+01
       408    0.9600000000E+03    0.1025223961E+04    0.4134000000E+03   -0.4277373518E+01
       409    0.1033000000E+04    0.1032710101E+04    0.4134000000E+03   -0.4966458191E+01
       410    0.1080000000E+04    0.9693436386E+03    0.3710000000E+03   -0.6399430825E+01
       411    0.9240000000E+03    0.1054265759E+04    0.4290000000E+03   -0.4277373518E+01
       412    0.1009000000E+04    0.1061751899E+04    0.4290000000E+03   -0.4966458191E+01
       413    0.1053000000E+04    0.9954067908E+03    0.3850000000E+03   -0.6399430825E+01
       414    0.8540000000E+03    0.8930653406E+03    0.2544000000E+03   -0.1935892657E+02
       415    0.1086000000E+04    0.1037124279E+04    0.2650000000E+03   -0.3080284014E+02
       416    0.8890000000E+03    0.8719597461E+03    0.2544000000E+03   -0.1741619740E+02
       417    0.8840000000E+03    0.8930653406E+03    0.2544000000E+03   -0.1935892657E+02
       418    0.1057000000E+04    0.1037124279E+04    0.2650000000E+03   -0.3080284014E+02
       419    0.9000000000E+03    0.8719597461E+03    0.2544000000E+03   -0.1741619740E+02
       420    0.8760000000E+03    0.8930653406E+03    0.2544000000E+03   -0.1935892657E+02
       421    0.1068000000E+04    0.1037124279E+04    0.2650000000E+03   -0.3080284014E+02
       422    0.8380000000E+03    0.8719597461E+03    0.2544000000E+03   -0.1741619740E+02
       423    0.8730000000E+03    0.9109372164E+03    0.2640000000E+03   -0.1935892657E+02
       424    0.1120000000E+04    0.1055740817E+04    0.2750000000E+03   -0.3080284014E+02
       425    0.8980000000E+03    0.8898316218E+03    0.2640000000E+03   -0.1741619740E+02
       426    0.1074000000E+04    0.1073447050E+04    0.4028000000E+03   -0.1053264889E+02
       427    0.1006000000E+04    0.1017072909E+04    0.3816000000E+03   -0.8976384612E+01
       428    0.8580000000E+03    0.9908822301E+03    0.3498000000E+03   -0.1201488300E+02
       429    0.1144000000E+04    0.1073447050E+04    0.4028000000E+03   -0.1053264889E+02
       430    0.1028000000E+04    0.1017072909E+04    0.3816000000E+03   -0.8976384612E+01
       431    0.9480000000E+03    0.9908822301E+03    0.3498000000E+03   -0.1201488300E+02
       432    0.1080000000E+04    0.1073447050E+04    0.4028000000E+03   -0.1053264889E+02
       433    0.1030000000E+04    0.1017072909E+04    0.3816000000E+03   -0.8976384612E+01
       434    0.9570000000E+03    0.9908822301E+03    0.3498000000E+03   -0.1201488300E+02
       435    0.1104000000E+04    0.1101744187E+04    0.4180000000E+03   -0.1053264889E+02
       436    0.1008000000E+04    0.1043880722E+04    0.3960000000E+03   -0.8976384612E+01
       437    0.8820000000E+03    0.1015456059E+04    0.3630000000E+03   -0.1201488300E+02
