     Index       y_measurement           y_fitting        descriptor_1        descriptor_2        descriptor_3
         1    0.2320000000E+03    0.2195772161E+03    0.1931521412E+01    0.7800000000E+01    0.3540000000E+04
         2    0.2350000000E+03    0.1961320864E+03    0.2197224577E+01    0.7500000000E+01    0.5205882353E+04
         3    0.2350000000E+03    0.2369338739E+03    0.2197224577E+01    0.7800000000E+01    0.3687500000E+04
         4    0.2410000000E+03    0.2262518712E+03    0.2014903021E+01    0.7800000000E+01    0.3540000000E+04
         5    0.2250000000E+03    0.1923139985E+03    0.1840549633E+01    0.6600000000E+01    0.4214285714E+04
         6    0.2450000000E+03    0.2284998186E+03    0.2091864062E+01    0.7800000000E+01    0.3687500000E+04
         7    0.2550000000E+03    0.2455054531E+03    0.2197224577E+01    0.8400000000E+01    0.3403846154E+04
         8    0.2450000000E+03    0.2365478625E+03    0.2091864062E+01    0.8100000000E+01    0.3403846154E+04
         9    0.2750000000E+03    0.2311128528E+03    0.2292534757E+01    0.8100000000E+01    0.4214285714E+04
        10    0.2390000000E+03    0.2097531662E+03    0.2128231706E+01    0.6600000000E+01    0.4425000000E+04
        11    0.2550000000E+03    0.2237568650E+03    0.2163323026E+01    0.6900000000E+01    0.4022727273E+04
        12    0.3970000000E+03    0.4029003013E+03    0.1887069649E+01    0.9975000000E+02    0.2544117647E+04
        13    0.4190000000E+03    0.4507568470E+03    0.2484906650E+01    0.9975000000E+02    0.2544117647E+04
        14    0.4010000000E+03    0.4151865236E+03    0.2128231706E+01    0.9690000000E+02    0.2621212121E+04
        15    0.3940000000E+03    0.4371627129E+03    0.2433613355E+01    0.1026000000E+03    0.3089285714E+04
        16    0.4260000000E+03    0.3957003455E+03    0.1974081026E+01    0.9405000000E+02    0.2703125000E+04
        17    0.4260000000E+03    0.4573536005E+03    0.2433613355E+01    0.1083000000E+03    0.2703125000E+04
        18    0.4540000000E+03    0.4281576197E+03    0.2379546134E+01    0.9405000000E+02    0.2703125000E+04
        19    0.4180000000E+03    0.3982860419E+03    0.2128231706E+01    0.9120000000E+02    0.2883333333E+04
        20    0.4160000000E+03    0.4603473502E+03    0.2433613355E+01    0.1054500000E+03    0.2402777778E+04
        21    0.3950000000E+03    0.4120548942E+03    0.2054123734E+01    0.9975000000E+02    0.2703125000E+04
        22    0.4330000000E+03    0.4281482952E+03    0.2054123734E+01    0.1054500000E+03    0.2471428571E+04
        23    0.3790000000E+03    0.3946665532E+03    0.2230014400E+01    0.9120000000E+02    0.3326923077E+04
        24    0.3820000000E+03    0.3723607413E+03    0.1887069649E+01    0.8225000000E+02    0.2544117647E+04
        25    0.3850000000E+03    0.4202172870E+03    0.2484906650E+01    0.8225000000E+02    0.2544117647E+04
        26    0.3650000000E+03    0.3855195224E+03    0.2128231706E+01    0.7990000000E+02    0.2621212121E+04
        27    0.3790000000E+03    0.4057505940E+03    0.2433613355E+01    0.8460000000E+02    0.3089285714E+04
        28    0.3770000000E+03    0.3669059032E+03    0.1974081026E+01    0.7755000000E+02    0.2703125000E+04
        29    0.3940000000E+03    0.4241963639E+03    0.2433613355E+01    0.8930000000E+02    0.2703125000E+04
        30    0.4250000000E+03    0.3993631774E+03    0.2379546134E+01    0.7755000000E+02    0.2703125000E+04
        31    0.3950000000E+03    0.3703641584E+03    0.2128231706E+01    0.7520000000E+02    0.2883333333E+04
        32    0.3930000000E+03    0.4280626725E+03    0.2433613355E+01    0.8695000000E+02    0.2402777778E+04
        33    0.3750000000E+03    0.3815153342E+03    0.2054123734E+01    0.8225000000E+02    0.2703125000E+04
        34    0.3890000000E+03    0.3958636175E+03    0.2054123734E+01    0.8695000000E+02    0.2471428571E+04
        35    0.3580000000E+03    0.3667446698E+03    0.2230014400E+01    0.7520000000E+02    0.3326923077E+04
        36    0.3440000000E+03    0.3418211812E+03    0.1887069649E+01    0.6475000000E+02    0.2544117647E+04
        37    0.3690000000E+03    0.3896777270E+03    0.2484906650E+01    0.6475000000E+02    0.2544117647E+04
        38    0.3250000000E+03    0.3558525212E+03    0.2128231706E+01    0.6290000000E+02    0.2621212121E+04
        39    0.3380000000E+03    0.3743384751E+03    0.2433613355E+01    0.6660000000E+02    0.3089285714E+04
        40    0.3620000000E+03    0.3381114609E+03    0.1974081026E+01    0.6105000000E+02    0.2703125000E+04
        41    0.3610000000E+03    0.3910391273E+03    0.2433613355E+01    0.7030000000E+02    0.2703125000E+04
        42    0.3850000000E+03    0.3705687351E+03    0.2379546134E+01    0.6105000000E+02    0.2703125000E+04
        43    0.3480000000E+03    0.3424422750E+03    0.2128231706E+01    0.5920000000E+02    0.2883333333E+04
        44    0.3680000000E+03    0.3957779947E+03    0.2433613355E+01    0.6845000000E+02    0.2402777778E+04
        45    0.3410000000E+03    0.3509757742E+03    0.2054123734E+01    0.6475000000E+02    0.2703125000E+04
        46    0.3650000000E+03    0.3635789398E+03    0.2054123734E+01    0.6845000000E+02    0.2471428571E+04
        47    0.3250000000E+03    0.3388227863E+03    0.2230014400E+01    0.5920000000E+02    0.3326923077E+04
        48    0.5130000000E+03    0.4960398568E+03    0.2433613355E+01    0.1192500000E+03    0.1965116279E+04
        49    0.4480000000E+03    0.4950898228E+03    0.2406945108E+01    0.1192500000E+03    0.1920454545E+04
        50    0.4650000000E+03    0.4613204504E+03    0.2197224577E+01    0.1192500000E+03    0.2560606061E+04
        51    0.4460000000E+03    0.4584944768E+03    0.2054123734E+01    0.1166000000E+03    0.2060975610E+04
        52    0.4370000000E+03    0.4428379751E+03    0.1974081026E+01    0.1113000000E+03    0.2060975610E+04
        53    0.5020000000E+03    0.5067301293E+03    0.2351375257E+01    0.1272000000E+03    0.1836956522E+04
        54    0.4650000000E+03    0.4698535785E+03    0.2163323026E+01    0.1245500000E+03    0.2485294118E+04
        55    0.4750000000E+03    0.4766460159E+03    0.2322387720E+01    0.1139500000E+03    0.2011904762E+04
        56    0.5040000000E+03    0.5123914806E+03    0.2351375257E+01    0.1298500000E+03    0.1797872340E+04
        57    0.4860000000E+03    0.4586066486E+03    0.2163323026E+01    0.1192500000E+03    0.2560606061E+04
        58    0.4520000000E+03    0.4752952494E+03    0.2379546134E+01    0.1113000000E+03    0.2060975610E+04
        59    0.4590000000E+03    0.4567747082E+03    0.2433613355E+01    0.9675000000E+02    0.1965116279E+04
        60    0.4150000000E+03    0.4558246742E+03    0.2406945108E+01    0.9675000000E+02    0.1920454545E+04
        61    0.4370000000E+03    0.4220553018E+03    0.2197224577E+01    0.9675000000E+02    0.2560606061E+04
        62    0.4150000000E+03    0.4201018871E+03    0.2054123734E+01    0.9460000000E+02    0.2060975610E+04
        63    0.4010000000E+03    0.4061905031E+03    0.1974081026E+01    0.9030000000E+02    0.2060975610E+04
        64    0.4630000000E+03    0.4648473042E+03    0.2351375257E+01    0.1032000000E+03    0.1836956522E+04
        65    0.4420000000E+03    0.4288433122E+03    0.2163323026E+01    0.1010500000E+03    0.2485294118E+04
        66    0.4380000000E+03    0.4391259851E+03    0.2322387720E+01    0.9245000000E+02    0.2011904762E+04
        67    0.4680000000E+03    0.4696360965E+03    0.2351375257E+01    0.1053500000E+03    0.1797872340E+04
        68    0.4520000000E+03    0.4193415000E+03    0.2163323026E+01    0.9675000000E+02    0.2560606061E+04
        69    0.4220000000E+03    0.4386477774E+03    0.2379546134E+01    0.9030000000E+02    0.2060975610E+04
        70    0.4130000000E+03    0.4175095596E+03    0.2433613355E+01    0.7425000000E+02    0.1965116279E+04
        71    0.3950000000E+03    0.4165595256E+03    0.2406945108E+01    0.7425000000E+02    0.1920454545E+04
        72    0.3980000000E+03    0.3827901532E+03    0.2197224577E+01    0.7425000000E+02    0.2560606061E+04
        73    0.3780000000E+03    0.3817092973E+03    0.2054123734E+01    0.7260000000E+02    0.2060975610E+04
        74    0.3720000000E+03    0.3695430311E+03    0.1974081026E+01    0.6930000000E+02    0.2060975610E+04
        75    0.4150000000E+03    0.4229644790E+03    0.2351375257E+01    0.7920000000E+02    0.1836956522E+04
        76    0.3960000000E+03    0.3878330459E+03    0.2163323026E+01    0.7755000000E+02    0.2485294118E+04
        77    0.3880000000E+03    0.4016059542E+03    0.2322387720E+01    0.7095000000E+02    0.2011904762E+04
        78    0.4150000000E+03    0.4268807125E+03    0.2351375257E+01    0.8085000000E+02    0.1797872340E+04
        79    0.3980000000E+03    0.3800763514E+03    0.2163323026E+01    0.7425000000E+02    0.2560606061E+04
        80    0.3820000000E+03    0.4020003053E+03    0.2379546134E+01    0.6930000000E+02    0.2060975610E+04
        81    0.5230000000E+03    0.5209339703E+03    0.2261763098E+01    0.1347500000E+03    0.1527777778E+04
        82    0.5340000000E+03    0.5288562076E+03    0.2433613355E+01    0.1323000000E+03    0.1586538462E+04
        83    0.4890000000E+03    0.5055046750E+03    0.2292534757E+01    0.1274000000E+03    0.1718750000E+04
        84    0.5000000000E+03    0.5394866088E+03    0.2459588842E+01    0.1372000000E+03    0.1586538462E+04
        85    0.4950000000E+03    0.4821758402E+03    0.1840549633E+01    0.1323000000E+03    0.1556603774E+04
        86    0.5220000000E+03    0.5381058648E+03    0.2351375257E+01    0.1396500000E+03    0.1473214286E+04
        87    0.5310000000E+03    0.5317670785E+03    0.2533696814E+01    0.1298500000E+03    0.1617647059E+04
        88    0.5330000000E+03    0.5480844376E+03    0.2484906650E+01    0.1396500000E+03    0.1500000000E+04
        89    0.4920000000E+03    0.5316182466E+03    0.2351375257E+01    0.1372000000E+03    0.1556603774E+04
        90    0.5050000000E+03    0.5023236893E+03    0.2230014400E+01    0.1274000000E+03    0.1650000000E+04
        91    0.5410000000E+03    0.5232142418E+03    0.2406945108E+01    0.1323000000E+03    0.1718750000E+04
        92    0.4680000000E+03    0.4729432332E+03    0.2261763098E+01    0.1072500000E+03    0.1527777778E+04
        93    0.4590000000E+03    0.4817380292E+03    0.2433613355E+01    0.1053000000E+03    0.1586538462E+04
        94    0.4440000000E+03    0.4601316144E+03    0.2292534757E+01    0.1014000000E+03    0.1718750000E+04
        95    0.4580000000E+03    0.4906233128E+03    0.2459588842E+01    0.1092000000E+03    0.1586538462E+04
        96    0.4450000000E+03    0.4350576619E+03    0.1840549633E+01    0.1053000000E+03    0.1556603774E+04
        97    0.4640000000E+03    0.4883700099E+03    0.2351375257E+01    0.1111500000E+03    0.1473214286E+04
        98    0.4660000000E+03    0.4855214590E+03    0.2533696814E+01    0.1033500000E+03    0.1617647059E+04
        99    0.4860000000E+03    0.4983485827E+03    0.2484906650E+01    0.1111500000E+03    0.1500000000E+04
       100    0.4610000000E+03    0.4827549506E+03    0.2351375257E+01    0.1092000000E+03    0.1556603774E+04
       101    0.4640000000E+03    0.4569506287E+03    0.2230014400E+01    0.1014000000E+03    0.1650000000E+04
       102    0.4750000000E+03    0.4760960635E+03    0.2406945108E+01    0.1053000000E+03    0.1718750000E+04
       103    0.4190000000E+03    0.4249524960E+03    0.2261763098E+01    0.7975000000E+02    0.1527777778E+04
       104    0.4180000000E+03    0.4346198509E+03    0.2433613355E+01    0.7830000000E+02    0.1586538462E+04
       105    0.4020000000E+03    0.4147585538E+03    0.2292534757E+01    0.7540000000E+02    0.1718750000E+04
       106    0.3980000000E+03    0.4417600167E+03    0.2459588842E+01    0.8120000000E+02    0.1586538462E+04
       107    0.4110000000E+03    0.3879394836E+03    0.1840549633E+01    0.7830000000E+02    0.1556603774E+04
       108    0.4280000000E+03    0.4386341550E+03    0.2351375257E+01    0.8265000000E+02    0.1473214286E+04
       109    0.4150000000E+03    0.4392758396E+03    0.2533696814E+01    0.7685000000E+02    0.1617647059E+04
       110    0.4250000000E+03    0.4486127278E+03    0.2484906650E+01    0.8265000000E+02    0.1500000000E+04
       111    0.4120000000E+03    0.4338916546E+03    0.2351375257E+01    0.8120000000E+02    0.1556603774E+04
       112    0.4100000000E+03    0.4115775681E+03    0.2230014400E+01    0.7540000000E+02    0.1650000000E+04
       113    0.4150000000E+03    0.4289778852E+03    0.2406945108E+01    0.7830000000E+02    0.1718750000E+04
       114    0.5820000000E+03    0.5907957351E+03    0.3708682081E+01    0.1182500000E+03    0.2175000000E+04
       115    0.5240000000E+03    0.5779540469E+03    0.3608211551E+01    0.1155000000E+03    0.2175000000E+04
       116    0.5830000000E+03    0.5670500704E+03    0.3744787086E+01    0.1100000000E+03    0.2636363636E+04
       117    0.5690000000E+03    0.5796642966E+03    0.3648057460E+01    0.1155000000E+03    0.2230769231E+04
       118    0.5360000000E+03    0.5513181951E+03    0.3608211551E+01    0.1072500000E+03    0.2636363636E+04
       119    0.5770000000E+03    0.5874074536E+03    0.3744787086E+01    0.1155000000E+03    0.2230769231E+04
       120    0.5650000000E+03    0.5729407632E+03    0.3583518938E+01    0.1155000000E+03    0.2289473684E+04
       121    0.5620000000E+03    0.5710463580E+03    0.3744787086E+01    0.1100000000E+03    0.2485714286E+04
       122    0.5220000000E+03    0.5532757042E+03    0.3708682081E+01    0.9675000000E+02    0.2175000000E+04
       123    0.5040000000E+03    0.5413065749E+03    0.3608211551E+01    0.9450000000E+02    0.2175000000E+04
       124    0.5160000000E+03    0.5321477161E+03    0.3744787086E+01    0.9000000000E+02    0.2636363636E+04
       125    0.5170000000E+03    0.5430168246E+03    0.3648057460E+01    0.9450000000E+02    0.2230769231E+04
       126    0.5110000000E+03    0.5172883996E+03    0.3608211551E+01    0.8775000000E+02    0.2636363636E+04
       127    0.5180000000E+03    0.5507599816E+03    0.3744787086E+01    0.9450000000E+02    0.2230769231E+04
       128    0.5240000000E+03    0.5362932911E+03    0.3583518938E+01    0.9450000000E+02    0.2289473684E+04
       129    0.5030000000E+03    0.5361440037E+03    0.3744787086E+01    0.9000000000E+02    0.2485714286E+04
       130    0.4830000000E+03    0.5157556733E+03    0.3708682081E+01    0.7525000000E+02    0.2175000000E+04
       131    0.4570000000E+03    0.5046591029E+03    0.3608211551E+01    0.7350000000E+02    0.2175000000E+04
       132    0.4820000000E+03    0.4972453618E+03    0.3744787086E+01    0.7000000000E+02    0.2636363636E+04
       133    0.4700000000E+03    0.5063693526E+03    0.3648057460E+01    0.7350000000E+02    0.2230769231E+04
       134    0.4590000000E+03    0.4832586042E+03    0.3608211551E+01    0.6825000000E+02    0.2636363636E+04
       135    0.4900000000E+03    0.5141125096E+03    0.3744787086E+01    0.7350000000E+02    0.2230769231E+04
       136    0.4850000000E+03    0.4996458191E+03    0.3583518938E+01    0.7350000000E+02    0.2289473684E+04
       137    0.4830000000E+03    0.5012416494E+03    0.3744787086E+01    0.7000000000E+02    0.2485714286E+04
       138    0.5870000000E+03    0.5627968415E+03    0.3671224519E+01    0.9900000000E+02    0.1851063830E+04
       139    0.5710000000E+03    0.5602336479E+03    0.3686376324E+01    0.9625000000E+02    0.1812500000E+04
       140    0.5780000000E+03    0.5651296317E+03    0.3663561646E+01    0.9900000000E+02    0.1740000000E+04
       141    0.5260000000E+03    0.5570992169E+03    0.3600048240E+01    0.9900000000E+02    0.1851063830E+04
       142    0.5350000000E+03    0.5400110589E+03    0.3632309103E+01    0.9350000000E+02    0.2230769231E+04
       143    0.5720000000E+03    0.5623381223E+03    0.3678829118E+01    0.9900000000E+02    0.1891304348E+04
       144    0.5620000000E+03    0.5702088767E+03    0.3678829118E+01    0.1017500000E+03    0.1775510204E+04
       145    0.5630000000E+03    0.5525343260E+03    0.3616308761E+01    0.9625000000E+02    0.1891304348E+04
       146    0.5830000000E+03    0.5609439671E+03    0.3671224519E+01    0.9625000000E+02    0.1740000000E+04
       147    0.5850000000E+03    0.5452844613E+03    0.3632309103E+01    0.9075000000E+02    0.1851063830E+04
       148    0.5920000000E+03    0.5571909600E+03    0.3624340933E+01    0.9625000000E+02    0.1740000000E+04
       149    0.5730000000E+03    0.5597966544E+03    0.3663561646E+01    0.1017500000E+03    0.2121951220E+04
       150    0.5360000000E+03    0.5742075077E+03    0.3693866996E+01    0.1045000000E+03    0.1851063830E+04
       151    0.5570000000E+03    0.5449387368E+03    0.3693866996E+01    0.9350000000E+02    0.2230769231E+04
       152    0.5520000000E+03    0.5313847227E+03    0.3671224519E+01    0.8100000000E+02    0.1851063830E+04
       153    0.5190000000E+03    0.5296940879E+03    0.3686376324E+01    0.7875000000E+02    0.1812500000E+04
       154    0.5240000000E+03    0.5337175129E+03    0.3663561646E+01    0.8100000000E+02    0.1740000000E+04
       155    0.5080000000E+03    0.5256870980E+03    0.3600048240E+01    0.8100000000E+02    0.1851063830E+04
       156    0.4900000000E+03    0.5103440578E+03    0.3632309103E+01    0.7650000000E+02    0.2230769231E+04
       157    0.5500000000E+03    0.5309260034E+03    0.3678829118E+01    0.8100000000E+02    0.1891304348E+04
       158    0.5150000000E+03    0.5379241990E+03    0.3678829118E+01    0.8325000000E+02    0.1775510204E+04
       159    0.5300000000E+03    0.5219947660E+03    0.3616308761E+01    0.7875000000E+02    0.1891304348E+04
       160    0.5460000000E+03    0.5304044071E+03    0.3671224519E+01    0.7875000000E+02    0.1740000000E+04
       161    0.5350000000E+03    0.5164900190E+03    0.3632309103E+01    0.7425000000E+02    0.1851063830E+04
       162    0.5500000000E+03    0.5266514000E+03    0.3624340933E+01    0.7875000000E+02    0.1740000000E+04
       163    0.5420000000E+03    0.5275119767E+03    0.3663561646E+01    0.8325000000E+02    0.2121951220E+04
       164    0.5920000000E+03    0.5410502711E+03    0.3693866996E+01    0.8550000000E+02    0.1851063830E+04
       165    0.5240000000E+03    0.5152717356E+03    0.3693866996E+01    0.7650000000E+02    0.2230769231E+04
       166    0.4970000000E+03    0.4999726038E+03    0.3671224519E+01    0.6300000000E+02    0.1851063830E+04
       167    0.4910000000E+03    0.4991545279E+03    0.3686376324E+01    0.6125000000E+02    0.1812500000E+04
       168    0.4630000000E+03    0.5023053940E+03    0.3663561646E+01    0.6300000000E+02    0.1740000000E+04
       169    0.4640000000E+03    0.4942749791E+03    0.3600048240E+01    0.6300000000E+02    0.1851063830E+04
       170    0.4590000000E+03    0.4806770566E+03    0.3632309103E+01    0.5950000000E+02    0.2230769231E+04
       171    0.4890000000E+03    0.4995138845E+03    0.3678829118E+01    0.6300000000E+02    0.1891304348E+04
       172    0.4770000000E+03    0.5056395212E+03    0.3678829118E+01    0.6475000000E+02    0.1775510204E+04
       173    0.4690000000E+03    0.4914552060E+03    0.3616308761E+01    0.6125000000E+02    0.1891304348E+04
       174    0.4960000000E+03    0.4998648470E+03    0.3671224519E+01    0.6125000000E+02    0.1740000000E+04
       175    0.4670000000E+03    0.4876955767E+03    0.3632309103E+01    0.5775000000E+02    0.1851063830E+04
       176    0.5110000000E+03    0.4961118400E+03    0.3624340933E+01    0.6125000000E+02    0.1740000000E+04
       177    0.4900000000E+03    0.4952272989E+03    0.3663561646E+01    0.6475000000E+02    0.2121951220E+04
       178    0.5230000000E+03    0.5078930345E+03    0.3693866996E+01    0.6650000000E+02    0.1851063830E+04
       179    0.4760000000E+03    0.4856047344E+03    0.3693866996E+01    0.5950000000E+02    0.2230769231E+04
       180    0.6100000000E+03    0.5947934188E+03    0.3663561646E+01    0.1127500000E+03    0.1526315789E+04
       181    0.5810000000E+03    0.5710824434E+03    0.3608211551E+01    0.1072500000E+03    0.1891304348E+04
       182    0.6250000000E+03    0.6100739364E+03    0.3686376324E+01    0.1182500000E+03    0.1380952381E+04
       183    0.5620000000E+03    0.5823186313E+03    0.3616308761E+01    0.1100000000E+03    0.1673076923E+04
       184    0.6350000000E+03    0.5915686561E+03    0.3632309103E+01    0.1127500000E+03    0.1553571429E+04
       185    0.5660000000E+03    0.5871177050E+03    0.3616308761E+01    0.1127500000E+03    0.1673076923E+04
       186    0.6380000000E+03    0.5821967385E+03    0.3708682081E+01    0.1072500000E+03    0.1775510204E+04
       187    0.6060000000E+03    0.5695651822E+03    0.3616308761E+01    0.1017500000E+03    0.1611111111E+04
       188    0.5820000000E+03    0.5941539763E+03    0.3730501129E+01    0.1155000000E+03    0.1933333333E+04
       189    0.6340000000E+03    0.5969215013E+03    0.3678829118E+01    0.1155000000E+03    0.1673076923E+04
       190    0.5850000000E+03    0.5761628292E+03    0.3640214282E+01    0.1100000000E+03    0.1977272727E+04
       191    0.6030000000E+03    0.5858443773E+03    0.3671224519E+01    0.1100000000E+03    0.1705882353E+04
       192    0.6250000000E+03    0.5778174143E+03    0.3549617387E+01    0.1100000000E+03    0.1641509434E+04
       193    0.6310000000E+03    0.5568618654E+03    0.3591817741E+01    0.1100000000E+03    0.2558823529E+04
       194    0.6250000000E+03    0.6136601159E+03    0.3671224519E+01    0.1210000000E+03    0.1380952381E+04
       195    0.5510000000E+03    0.5590185056E+03    0.3663561646E+01    0.9225000000E+02    0.1526315789E+04
       196    0.5390000000E+03    0.5370526479E+03    0.3608211551E+01    0.8775000000E+02    0.1891304348E+04
       197    0.5640000000E+03    0.5725539055E+03    0.3686376324E+01    0.9675000000E+02    0.1380952381E+04
       198    0.5500000000E+03    0.5474162770E+03    0.3616308761E+01    0.9000000000E+02    0.1673076923E+04
       199    0.5900000000E+03    0.5557937429E+03    0.3632309103E+01    0.9225000000E+02    0.1553571429E+04
       200    0.5270000000E+03    0.5513427918E+03    0.3616308761E+01    0.9225000000E+02    0.1673076923E+04
       201    0.5570000000E+03    0.5481669431E+03    0.3708682081E+01    0.8775000000E+02    0.1775510204E+04
       202    0.5510000000E+03    0.5372805045E+03    0.3616308761E+01    0.8325000000E+02    0.1611111111E+04
       203    0.5830000000E+03    0.5575065043E+03    0.3730501129E+01    0.9450000000E+02    0.1933333333E+04
       204    0.5700000000E+03    0.5602740292E+03    0.3678829118E+01    0.9450000000E+02    0.1673076923E+04
       205    0.5430000000E+03    0.5412604748E+03    0.3640214282E+01    0.9000000000E+02    0.1977272727E+04
       206    0.5430000000E+03    0.5509420229E+03    0.3671224519E+01    0.9000000000E+02    0.1705882353E+04
       207    0.5630000000E+03    0.5429150600E+03    0.3549617387E+01    0.9000000000E+02    0.1641509434E+04
       208    0.5770000000E+03    0.5219595111E+03    0.3591817741E+01    0.9000000000E+02    0.2558823529E+04
       209    0.5780000000E+03    0.5752675262E+03    0.3671224519E+01    0.9900000000E+02    0.1380952381E+04
       210    0.4900000000E+03    0.5232435924E+03    0.3663561646E+01    0.7175000000E+02    0.1526315789E+04
       211    0.4960000000E+03    0.5030228525E+03    0.3608211551E+01    0.6825000000E+02    0.1891304348E+04
       212    0.5110000000E+03    0.5350338747E+03    0.3686376324E+01    0.7525000000E+02    0.1380952381E+04
       213    0.4940000000E+03    0.5125139226E+03    0.3616308761E+01    0.7000000000E+02    0.1673076923E+04
       214    0.5170000000E+03    0.5200188298E+03    0.3632309103E+01    0.7175000000E+02    0.1553571429E+04
       215    0.4800000000E+03    0.5155678786E+03    0.3616308761E+01    0.7175000000E+02    0.1673076923E+04
       216    0.5020000000E+03    0.5141371476E+03    0.3708682081E+01    0.6825000000E+02    0.1775510204E+04
       217    0.5040000000E+03    0.5049958268E+03    0.3616308761E+01    0.6475000000E+02    0.1611111111E+04
       218    0.5050000000E+03    0.5208590323E+03    0.3730501129E+01    0.7350000000E+02    0.1933333333E+04
       219    0.5020000000E+03    0.5236265572E+03    0.3678829118E+01    0.7350000000E+02    0.1673076923E+04
       220    0.4960000000E+03    0.5063581205E+03    0.3640214282E+01    0.7000000000E+02    0.1977272727E+04
       221    0.5010000000E+03    0.5160396686E+03    0.3671224519E+01    0.7000000000E+02    0.1705882353E+04
       222    0.5170000000E+03    0.5080127057E+03    0.3549617387E+01    0.7000000000E+02    0.1641509434E+04
       223    0.5230000000E+03    0.4870571568E+03    0.3591817741E+01    0.7000000000E+02    0.2558823529E+04
       224    0.5160000000E+03    0.5368749364E+03    0.3671224519E+01    0.7700000000E+02    0.1380952381E+04
       225    0.4860000000E+03    0.4459600471E+03    0.2351375257E+01    0.1033500000E+03    0.2558823529E+04
       226    0.4270000000E+03    0.4539639796E+03    0.2484906650E+01    0.1007000000E+03    0.2485714286E+04
       227    0.5100000000E+03    0.4643127919E+03    0.2433613355E+01    0.1060000000E+03    0.2289473684E+04
       228    0.4510000000E+03    0.4408697346E+03    0.2230014400E+01    0.1060000000E+03    0.2558823529E+04
       229    0.4250000000E+03    0.4825897938E+03    0.2624668592E+01    0.1086500000E+03    0.2351351351E+04
       230    0.4320000000E+03    0.4559406105E+03    0.2509599262E+01    0.1007000000E+03    0.2485714286E+04
       231    0.4820000000E+03    0.4398671473E+03    0.2128231706E+01    0.1060000000E+03    0.2289473684E+04
       232    0.4350000000E+03    0.4119302516E+03    0.2351375257E+01    0.8385000000E+02    0.2558823529E+04
       233    0.4060000000E+03    0.4208067430E+03    0.2484906650E+01    0.8170000000E+02    0.2485714286E+04
       234    0.4700000000E+03    0.4294104376E+03    0.2433613355E+01    0.8600000000E+02    0.2289473684E+04
       235    0.4380000000E+03    0.4059673802E+03    0.2230014400E+01    0.8600000000E+02    0.2558823529E+04
       236    0.4040000000E+03    0.4468148806E+03    0.2624668592E+01    0.8815000000E+02    0.2351351351E+04
       237    0.4060000000E+03    0.4227833739E+03    0.2509599262E+01    0.8170000000E+02    0.2485714286E+04
       238    0.4430000000E+03    0.4049647930E+03    0.2128231706E+01    0.8600000000E+02    0.2289473684E+04
       239    0.3970000000E+03    0.3779004562E+03    0.2351375257E+01    0.6435000000E+02    0.2558823529E+04
       240    0.3850000000E+03    0.3876495064E+03    0.2484906650E+01    0.6270000000E+02    0.2485714286E+04
       241    0.4250000000E+03    0.3945080832E+03    0.2433613355E+01    0.6600000000E+02    0.2289473684E+04
       242    0.3960000000E+03    0.3710650259E+03    0.2230014400E+01    0.6600000000E+02    0.2558823529E+04
       243    0.3800000000E+03    0.4110399674E+03    0.2624668592E+01    0.6765000000E+02    0.2351351351E+04
       244    0.3630000000E+03    0.3896261373E+03    0.2509599262E+01    0.6270000000E+02    0.2485714286E+04
       245    0.3980000000E+03    0.3700624386E+03    0.2128231706E+01    0.6600000000E+02    0.2289473684E+04
       246    0.5050000000E+03    0.4735619158E+03    0.2433613355E+01    0.1113000000E+03    0.2289473684E+04
       247    0.5360000000E+03    0.5095440635E+03    0.2890371758E+01    0.1139500000E+03    0.2485714286E+04
       248    0.4840000000E+03    0.4638259040E+03    0.2292534757E+01    0.1113000000E+03    0.2230769231E+04
       249    0.4950000000E+03    0.4762704901E+03    0.2509599262E+01    0.1113000000E+03    0.2416666667E+04
       250    0.5510000000E+03    0.4653052990E+03    0.2292534757E+01    0.1113000000E+03    0.2175000000E+04
       251    0.4770000000E+03    0.4988880933E+03    0.2557227311E+01    0.1192500000E+03    0.2230769231E+04
       252    0.5300000000E+03    0.4996787270E+03    0.2906901060E+01    0.1086500000E+03    0.2558823529E+04
       253    0.5160000000E+03    0.4426761895E+03    0.2163323026E+01    0.1060000000E+03    0.2289473684E+04
       254    0.4450000000E+03    0.4500145532E+03    0.2197224577E+01    0.1086500000E+03    0.2289473684E+04
       255    0.5510000000E+03    0.5197265371E+03    0.2821378886E+01    0.1219000000E+03    0.2416666667E+04
       256    0.5100000000E+03    0.4961648333E+03    0.2602689685E+01    0.1139500000E+03    0.2121951220E+04
       257    0.4430000000E+03    0.4607128023E+03    0.2351375257E+01    0.1086500000E+03    0.2351351351E+04
       258    0.4490000000E+03    0.4369144437E+03    0.2433613355E+01    0.9030000000E+02    0.2289473684E+04
       259    0.5020000000E+03    0.4720240327E+03    0.2890371758E+01    0.9245000000E+02    0.2485714286E+04
       260    0.4510000000E+03    0.4271784320E+03    0.2292534757E+01    0.9030000000E+02    0.2230769231E+04
       261    0.4590000000E+03    0.4396230181E+03    0.2509599262E+01    0.9030000000E+02    0.2416666667E+04
       262    0.4970000000E+03    0.4286578269E+03    0.2292534757E+01    0.9030000000E+02    0.2175000000E+04
       263    0.4510000000E+03    0.4596229447E+03    0.2557227311E+01    0.9675000000E+02    0.2230769231E+04
       264    0.4970000000E+03    0.4639038138E+03    0.2906901060E+01    0.8815000000E+02    0.2558823529E+04
       265    0.4610000000E+03    0.4077738351E+03    0.2163323026E+01    0.8600000000E+02    0.2289473684E+04
       266    0.3990000000E+03    0.4142396400E+03    0.2197224577E+01    0.8815000000E+02    0.2289473684E+04
       267    0.5020000000E+03    0.4795888297E+03    0.2821378886E+01    0.9890000000E+02    0.2416666667E+04
       268    0.4900000000E+03    0.4586448025E+03    0.2602689685E+01    0.9245000000E+02    0.2121951220E+04
       269    0.4240000000E+03    0.4249378891E+03    0.2351375257E+01    0.8815000000E+02    0.2351351351E+04
       270    0.4110000000E+03    0.4002669717E+03    0.2433613355E+01    0.6930000000E+02    0.2289473684E+04
       271    0.4480000000E+03    0.4345040018E+03    0.2890371758E+01    0.7095000000E+02    0.2485714286E+04
       272    0.4040000000E+03    0.3905309600E+03    0.2292534757E+01    0.6930000000E+02    0.2230769231E+04
       273    0.4110000000E+03    0.4029755460E+03    0.2509599262E+01    0.6930000000E+02    0.2416666667E+04
       274    0.4380000000E+03    0.3920103549E+03    0.2292534757E+01    0.6930000000E+02    0.2175000000E+04
       275    0.4100000000E+03    0.4203577961E+03    0.2557227311E+01    0.7425000000E+02    0.2230769231E+04
       276    0.4500000000E+03    0.4281289006E+03    0.2906901060E+01    0.6765000000E+02    0.2558823529E+04
       277    0.4100000000E+03    0.3728714808E+03    0.2163323026E+01    0.6600000000E+02    0.2289473684E+04
       278    0.3830000000E+03    0.3784647269E+03    0.2197224577E+01    0.6765000000E+02    0.2289473684E+04
       279    0.4600000000E+03    0.4394511222E+03    0.2821378886E+01    0.7590000000E+02    0.2416666667E+04
       280    0.4420000000E+03    0.4211247716E+03    0.2602689685E+01    0.7095000000E+02    0.2121951220E+04
       281    0.3990000000E+03    0.3891629759E+03    0.2351375257E+01    0.6765000000E+02    0.2351351351E+04
       282    0.5630000000E+03    0.5643731363E+03    0.3514526067E+01    0.8480000000E+02    0.3846153846E+03
       283    0.5300000000E+03    0.5511514426E+03    0.3349904087E+01    0.8480000000E+02    0.3862660944E+03
       284    0.5700000000E+03    0.5583528766E+03    0.3440418095E+01    0.8480000000E+02    0.3879310345E+03
       285    0.5780000000E+03    0.5807406694E+03    0.3540959324E+01    0.9275000000E+02    0.3703703704E+03
       286    0.5370000000E+03    0.5447794698E+03    0.3328626689E+01    0.8215000000E+02    0.3879310345E+03
       287    0.5690000000E+03    0.5689539097E+03    0.3514526067E+01    0.8745000000E+02    0.3862660944E+03
       288    0.5760000000E+03    0.5475051767E+03    0.3532225644E+01    0.7420000000E+02    0.3765690377E+03
       289    0.5490000000E+03    0.5719571211E+03    0.3496507561E+01    0.9010000000E+02    0.3930131004E+03
       290    0.5220000000E+03    0.5524678692E+03    0.3478158423E+01    0.7950000000E+02    0.3750000000E+03
       291    0.5700000000E+03    0.5607606890E+03    0.3468856030E+01    0.8480000000E+02    0.3829787234E+03
       292    0.5100000000E+03    0.5364512528E+03    0.3514526067E+01    0.6880000000E+02    0.3846153846E+03
       293    0.5100000000E+03    0.5232295591E+03    0.3349904087E+01    0.6880000000E+02    0.3862660944E+03
       294    0.5170000000E+03    0.5304309931E+03    0.3440418095E+01    0.6880000000E+02    0.3879310345E+03
       295    0.5400000000E+03    0.5502011094E+03    0.3540959324E+01    0.7525000000E+02    0.3703703704E+03
       296    0.5180000000E+03    0.5177301452E+03    0.3328626689E+01    0.6665000000E+02    0.3879310345E+03
       297    0.5230000000E+03    0.5401594674E+03    0.3514526067E+01    0.7095000000E+02    0.3862660944E+03
       298    0.5370000000E+03    0.5230735286E+03    0.3532225644E+01    0.6020000000E+02    0.3765690377E+03
       299    0.5360000000E+03    0.5422901199E+03    0.3496507561E+01    0.7310000000E+02    0.3930131004E+03
       300    0.5030000000E+03    0.5262911035E+03    0.3478158423E+01    0.6450000000E+02    0.3750000000E+03
       301    0.5400000000E+03    0.5328388056E+03    0.3468856030E+01    0.6880000000E+02    0.3829787234E+03
       302    0.4900000000E+03    0.5085293694E+03    0.3514526067E+01    0.5280000000E+02    0.3846153846E+03
       303    0.4770000000E+03    0.4953076757E+03    0.3349904087E+01    0.5280000000E+02    0.3862660944E+03
       304    0.4830000000E+03    0.5025091097E+03    0.3440418095E+01    0.5280000000E+02    0.3879310345E+03
       305    0.5030000000E+03    0.5196615494E+03    0.3540959324E+01    0.5775000000E+02    0.3703703704E+03
       306    0.4710000000E+03    0.4906808206E+03    0.3328626689E+01    0.5115000000E+02    0.3879310345E+03
       307    0.4760000000E+03    0.5113650251E+03    0.3514526067E+01    0.5445000000E+02    0.3862660944E+03
       308    0.5020000000E+03    0.4986418806E+03    0.3532225644E+01    0.4620000000E+02    0.3765690377E+03
       309    0.4960000000E+03    0.5126231188E+03    0.3496507561E+01    0.5610000000E+02    0.3930131004E+03
       310    0.4710000000E+03    0.5001143377E+03    0.3478158423E+01    0.4950000000E+02    0.3750000000E+03
       311    0.4970000000E+03    0.5049169222E+03    0.3468856030E+01    0.5280000000E+02    0.3829787234E+03
       312    0.5910000000E+03    0.5541012580E+03    0.3306886702E+01    0.9165000000E+02    0.5958904110E+03
       313    0.5900000000E+03    0.5679314581E+03    0.3411147713E+01    0.9400000000E+02    0.5437500000E+03
       314    0.6060000000E+03    0.5863087480E+03    0.3624340933E+01    0.9400000000E+02    0.4943181818E+03
       315    0.5840000000E+03    0.5618065736E+03    0.3360375387E+01    0.9400000000E+02    0.6214285714E+03
       316    0.6040000000E+03    0.5601664988E+03    0.3411147713E+01    0.8930000000E+02    0.5272727273E+03
       317    0.5910000000E+03    0.5716912647E+03    0.3468856030E+01    0.9400000000E+02    0.5761589404E+03
       318    0.5880000000E+03    0.5726549095E+03    0.3380994674E+01    0.9870000000E+02    0.5838926174E+03
       319    0.5880000000E+03    0.5557129917E+03    0.3380994674E+01    0.8930000000E+02    0.6041666667E+03
       320    0.5500000000E+03    0.5740392267E+03    0.3430756184E+01    0.9635000000E+02    0.5272727273E+03
       321    0.6090000000E+03    0.5684499527E+03    0.3468856030E+01    0.9165000000E+02    0.5437500000E+03
       322    0.6040000000E+03    0.5609292042E+03    0.3430756184E+01    0.8930000000E+02    0.5576923077E+03
       323    0.6190000000E+03    0.5882242704E+03    0.3549617387E+01    0.9870000000E+02    0.5058139535E+03
       324    0.6430000000E+03    0.5699930839E+03    0.3575150689E+01    0.8695000000E+02    0.4971428571E+03
       325    0.5690000000E+03    0.5719394952E+03    0.3339321978E+01    0.1010500000E+03    0.6397058824E+03
       326    0.5510000000E+03    0.5200714625E+03    0.3306886702E+01    0.7215000000E+02    0.5958904110E+03
       327    0.5430000000E+03    0.5330291038E+03    0.3411147713E+01    0.7400000000E+02    0.5437500000E+03
       328    0.5430000000E+03    0.5514063937E+03    0.3624340933E+01    0.7400000000E+02    0.4943181818E+03
       329    0.5240000000E+03    0.5269042193E+03    0.3360375387E+01    0.7400000000E+02    0.6214285714E+03
       330    0.5710000000E+03    0.5270092622E+03    0.3411147713E+01    0.7030000000E+02    0.5272727273E+03
       331    0.5420000000E+03    0.5367889104E+03    0.3468856030E+01    0.7400000000E+02    0.5761589404E+03
       332    0.5310000000E+03    0.5360074375E+03    0.3380994674E+01    0.7770000000E+02    0.5838926174E+03
       333    0.5310000000E+03    0.5225557551E+03    0.3380994674E+01    0.7030000000E+02    0.6041666667E+03
       334    0.5120000000E+03    0.5382643136E+03    0.3430756184E+01    0.7585000000E+02    0.5272727273E+03
       335    0.5630000000E+03    0.5344201572E+03    0.3468856030E+01    0.7215000000E+02    0.5437500000E+03
       336    0.5500000000E+03    0.5277719676E+03    0.3430756184E+01    0.7030000000E+02    0.5576923077E+03
       337    0.5830000000E+03    0.5515767984E+03    0.3549617387E+01    0.7770000000E+02    0.5058139535E+03
       338    0.5830000000E+03    0.5377084062E+03    0.3575150689E+01    0.6845000000E+02    0.4971428571E+03
       339    0.5500000000E+03    0.5344194643E+03    0.3339321978E+01    0.7955000000E+02    0.6397058824E+03
       340    0.4820000000E+03    0.4860416671E+03    0.3306886702E+01    0.5265000000E+02    0.5958904110E+03
       341    0.4820000000E+03    0.4981267495E+03    0.3411147713E+01    0.5400000000E+02    0.5437500000E+03
       342    0.4900000000E+03    0.5165040394E+03    0.3624340933E+01    0.5400000000E+02    0.4943181818E+03
       343    0.4760000000E+03    0.4920018650E+03    0.3360375387E+01    0.5400000000E+02    0.6214285714E+03
       344    0.4830000000E+03    0.4938520256E+03    0.3411147713E+01    0.5130000000E+02    0.5272727273E+03
       345    0.4800000000E+03    0.5018865561E+03    0.3468856030E+01    0.5400000000E+02    0.5761589404E+03
       346    0.4910000000E+03    0.4993599655E+03    0.3380994674E+01    0.5670000000E+02    0.5838926174E+03
       347    0.4710000000E+03    0.4893985185E+03    0.3380994674E+01    0.5130000000E+02    0.6041666667E+03
       348    0.4690000000E+03    0.5024894004E+03    0.3430756184E+01    0.5535000000E+02    0.5272727273E+03
       349    0.4900000000E+03    0.5003903618E+03    0.3468856030E+01    0.5265000000E+02    0.5437500000E+03
       350    0.4830000000E+03    0.4946147310E+03    0.3430756184E+01    0.5130000000E+02    0.5576923077E+03
       351    0.4980000000E+03    0.5149293264E+03    0.3549617387E+01    0.5670000000E+02    0.5058139535E+03
       352    0.4910000000E+03    0.5054237284E+03    0.3575150689E+01    0.4995000000E+02    0.4971428571E+03
       353    0.4630000000E+03    0.4968994334E+03    0.3339321978E+01    0.5805000000E+02    0.6397058824E+03
       354    0.6000000000E+03    0.5977919090E+03    0.3468856030E+01    0.1104500000E+03    0.6744186047E+03
       355    0.6150000000E+03    0.5826000368E+03    0.3295836866E+01    0.1104500000E+03    0.7250000000E+03
       356    0.6070000000E+03    0.5833500051E+03    0.3440418095E+01    0.1034000000E+03    0.6692307692E+03
       357    0.5960000000E+03    0.5735035665E+03    0.3284663565E+01    0.1057500000E+03    0.7250000000E+03
       358    0.6180000000E+03    0.5889999036E+03    0.3328626689E+01    0.1128000000E+03    0.7372881356E+03
       359    0.5850000000E+03    0.6055154536E+03    0.3459466290E+01    0.1151500000E+03    0.6641221374E+03
       360    0.5510000000E+03    0.5567816427E+03    0.3468856030E+01    0.8695000000E+02    0.6744186047E+03
       361    0.5560000000E+03    0.5415897705E+03    0.3295836866E+01    0.8695000000E+02    0.7250000000E+03
       362    0.5500000000E+03    0.5449574154E+03    0.3440418095E+01    0.8140000000E+02    0.6692307692E+03
       363    0.5370000000E+03    0.5342384179E+03    0.3284663565E+01    0.8325000000E+02    0.7250000000E+03
       364    0.5430000000E+03    0.5471170784E+03    0.3328626689E+01    0.8880000000E+02    0.7372881356E+03
       365    0.5430000000E+03    0.5627600696E+03    0.3459466290E+01    0.9065000000E+02    0.6641221374E+03
       366    0.4710000000E+03    0.5157713764E+03    0.3468856030E+01    0.6345000000E+02    0.6744186047E+03
       367    0.4760000000E+03    0.5005795041E+03    0.3295836866E+01    0.6345000000E+02    0.7250000000E+03
       368    0.4820000000E+03    0.5065648257E+03    0.3440418095E+01    0.5940000000E+02    0.6692307692E+03
       369    0.4770000000E+03    0.4949732693E+03    0.3284663565E+01    0.6075000000E+02    0.7250000000E+03
       370    0.4910000000E+03    0.5052342532E+03    0.3328626689E+01    0.6480000000E+02    0.7372881356E+03
       371    0.4790000000E+03    0.5200046856E+03    0.3459466290E+01    0.6615000000E+02    0.6641221374E+03
       372    0.7810000000E+03    0.8396569113E+03    0.4147885329E+01    0.2310000000E+03    0.1536363636E+04
       373    0.6980000000E+03    0.8361763672E+03    0.4162003211E+01    0.2271500000E+03    0.1456896552E+04
       374    0.9060000000E+03    0.8410255508E+03    0.4194189897E+01    0.2348500000E+03    0.1877777778E+04
       375    0.7400000000E+03    0.7663619673E+03    0.4147885329E+01    0.1890000000E+03    0.1536363636E+04
       376    0.6780000000E+03    0.7641030055E+03    0.4162003211E+01    0.1858500000E+03    0.1456896552E+04
       377    0.7700000000E+03    0.7665090243E+03    0.4194189897E+01    0.1921500000E+03    0.1877777778E+04
       378    0.7940000000E+03    0.8105447465E+03    0.3540959324E+01    0.2409500000E+03    0.1456896552E+04
       379    0.8550000000E+03    0.8134267708E+03    0.3380994674E+01    0.2488500000E+03    0.1385245902E+04
       380    0.7680000000E+03    0.8106779281E+03    0.3440418095E+01    0.2449000000E+03    0.1408333333E+04
       381    0.7450000000E+03    0.7360282201E+03    0.3540959324E+01    0.1982500000E+03    0.1456896552E+04
       382    0.7070000000E+03    0.7364670795E+03    0.3380994674E+01    0.2047500000E+03    0.1385245902E+04
       383    0.7180000000E+03    0.7349398192E+03    0.3440418095E+01    0.2015000000E+03    0.1408333333E+04
       384    0.8740000000E+03    0.7938573276E+03    0.4203198967E+01    0.2040500000E+03    0.1656862745E+04
       385    0.8290000000E+03    0.7818263097E+03    0.4063885355E+01    0.2040500000E+03    0.1690000000E+04
       386    0.7000000000E+03    0.7865481975E+03    0.4185098925E+01    0.2040500000E+03    0.1877777778E+04
       387    0.8060000000E+03    0.7358139707E+03    0.4207673248E+01    0.1701000000E+03    0.1625000000E+04
       388    0.7200000000E+03    0.7174940088E+03    0.4069026754E+01    0.1669500000E+03    0.1690000000E+04
       389    0.6880000000E+03    0.7210699262E+03    0.4175924549E+01    0.1669500000E+03    0.1877777778E+04
       390    0.1034000000E+04    0.1055408589E+04    0.6707351215E+01    0.2226000000E+03    0.5740740741E+03
       391    0.1139000000E+04    0.1094389739E+04    0.6729824070E+01    0.2438000000E+03    0.5670731707E+03
       392    0.1002000000E+04    0.9665495866E+03    0.6520473841E+01    0.1802000000E+03    0.5705521472E+03
       393    0.1056000000E+04    0.1055408589E+04    0.6707351215E+01    0.2226000000E+03    0.5740740741E+03
       394    0.1124000000E+04    0.1094389739E+04    0.6729824070E+01    0.2438000000E+03    0.5670731707E+03
       395    0.1082000000E+04    0.9665495866E+03    0.6520473841E+01    0.1802000000E+03    0.5705521472E+03
       396    0.1054000000E+04    0.1055408589E+04    0.6707351215E+01    0.2226000000E+03    0.5740740741E+03
       397    0.1190000000E+04    0.1094389739E+04    0.6729824070E+01    0.2438000000E+03    0.5670731707E+03
       398    0.9350000000E+03    0.9665495866E+03    0.6520473841E+01    0.1802000000E+03    0.5705521472E+03
       399    0.1037000000E+04    0.1070067578E+04    0.6707351215E+01    0.2310000000E+03    0.5740740741E+03
       400    0.1110000000E+04    0.1110444822E+04    0.6729824070E+01    0.2530000000E+03    0.5670731707E+03
       401    0.1035000000E+04    0.9784163870E+03    0.6520473841E+01    0.1870000000E+03    0.5705521472E+03
       402    0.9270000000E+03    0.9886797604E+03    0.6599462253E+01    0.2120000000E+03    0.2066666667E+04
       403    0.9760000000E+03    0.1041861941E+04    0.6718650770E+01    0.2438000000E+03    0.2513513514E+04
       404    0.9860000000E+03    0.9702874727E+03    0.6707351215E+01    0.1908000000E+03    0.1690909091E+04
       405    0.9560000000E+03    0.9886797604E+03    0.6599462253E+01    0.2120000000E+03    0.2066666667E+04
       406    0.9460000000E+03    0.1041861941E+04    0.6718650770E+01    0.2438000000E+03    0.2513513514E+04
       407    0.1089000000E+04    0.9702874727E+03    0.6707351215E+01    0.1908000000E+03    0.1690909091E+04
       408    0.9600000000E+03    0.9886797604E+03    0.6599462253E+01    0.2120000000E+03    0.2066666667E+04
       409    0.1033000000E+04    0.1041861941E+04    0.6718650770E+01    0.2438000000E+03    0.2513513514E+04
       410    0.1080000000E+04    0.9702874727E+03    0.6707351215E+01    0.1908000000E+03    0.1690909091E+04
       411    0.9240000000E+03    0.1002640702E+04    0.6599462253E+01    0.2200000000E+03    0.2066666667E+04
       412    0.1009000000E+04    0.1057917024E+04    0.6718650770E+01    0.2530000000E+03    0.2513513514E+04
       413    0.1053000000E+04    0.9828523203E+03    0.6707351215E+01    0.1980000000E+03    0.1690909091E+04
       414    0.8540000000E+03    0.9530420311E+03    0.7164488333E+01    0.2226000000E+03    0.5812500000E+04
       415    0.1086000000E+04    0.1023817569E+04    0.7127854200E+01    0.2438000000E+03    0.4428571429E+04
       416    0.8890000000E+03    0.8548600976E+03    0.7042198756E+01    0.2014000000E+03    0.7750000000E+04
       417    0.8840000000E+03    0.9530420311E+03    0.7164488333E+01    0.2226000000E+03    0.5812500000E+04
       418    0.1057000000E+04    0.1023817569E+04    0.7127854200E+01    0.2438000000E+03    0.4428571429E+04
       419    0.9000000000E+03    0.8548600976E+03    0.7042198756E+01    0.2014000000E+03    0.7750000000E+04
       420    0.8760000000E+03    0.9530420311E+03    0.7164488333E+01    0.2226000000E+03    0.5812500000E+04
       421    0.1068000000E+04    0.1023817569E+04    0.7127854200E+01    0.2438000000E+03    0.4428571429E+04
       422    0.8380000000E+03    0.8548600976E+03    0.7042198756E+01    0.2014000000E+03    0.7750000000E+04
       423    0.8730000000E+03    0.9677010200E+03    0.7164488333E+01    0.2310000000E+03    0.5812500000E+04
       424    0.1120000000E+04    0.1039872652E+04    0.7127854200E+01    0.2530000000E+03    0.4428571429E+04
       425    0.8980000000E+03    0.8681229922E+03    0.7042198756E+01    0.2090000000E+03    0.7750000000E+04
       426    0.1074000000E+04    0.1035158533E+04    0.7227226674E+01    0.2226000000E+03    0.2906250000E+04
       427    0.1006000000E+04    0.1020878795E+04    0.6992188335E+01    0.2226000000E+03    0.2735294118E+04
       428    0.8580000000E+03    0.9533184505E+03    0.7120363528E+01    0.1908000000E+03    0.3576923077E+04
       429    0.1144000000E+04    0.1035158533E+04    0.7227226674E+01    0.2226000000E+03    0.2906250000E+04
       430    0.1028000000E+04    0.1020878795E+04    0.6992188335E+01    0.2226000000E+03    0.2735294118E+04
       431    0.9480000000E+03    0.9533184505E+03    0.7120363528E+01    0.1908000000E+03    0.3576923077E+04
       432    0.1080000000E+04    0.1035158533E+04    0.7227226674E+01    0.2226000000E+03    0.2906250000E+04
       433    0.1030000000E+04    0.1020878795E+04    0.6992188335E+01    0.2226000000E+03    0.2735294118E+04
       434    0.9570000000E+03    0.9533184505E+03    0.7120363528E+01    0.1908000000E+03    0.3576923077E+04
       435    0.1104000000E+04    0.1049817522E+04    0.7227226674E+01    0.2310000000E+03    0.2906250000E+04
       436    0.1008000000E+04    0.1035537784E+04    0.6992188335E+01    0.2310000000E+03    0.2735294118E+04
       437    0.8820000000E+03    0.9658832981E+03    0.7120363528E+01    0.1980000000E+03    0.3576923077E+04
