     Index       y_measurement           y_fitting        descriptor_1        descriptor_2
         1    0.2320000000E+03    0.2073453103E+03    0.0000000000E+00   -0.9209100758E+01
         2    0.2350000000E+03    0.2056114869E+03    0.0000000000E+00   -0.9340659341E+01
         3    0.2350000000E+03    0.2364478742E+03    0.0000000000E+00   -0.7000864304E+01
         4    0.2410000000E+03    0.2173878062E+03    0.0000000000E+00   -0.8447098976E+01
         5    0.2250000000E+03    0.1947723073E+03    0.0000000000E+00   -0.1016311167E+02
         6    0.2450000000E+03    0.2177732826E+03    0.0000000000E+00   -0.8417849899E+01
         7    0.2550000000E+03    0.2356955431E+03    0.0000000000E+00   -0.7057949480E+01
         8    0.2450000000E+03    0.2261328704E+03    0.0000000000E+00   -0.7783543365E+01
         9    0.2750000000E+03    0.2349230511E+03    0.0000000000E+00   -0.7116564417E+01
        10    0.2390000000E+03    0.2313304535E+03    0.0000000000E+00   -0.7389162562E+01
        11    0.2550000000E+03    0.2312373583E+03    0.0000000000E+00   -0.7396226415E+01
        12    0.3970000000E+03    0.4250466645E+03    0.7030800000E+04   -0.9405940594E+01
        13    0.4190000000E+03    0.4688257393E+03    0.7068600000E+04   -0.6173952231E+01
        14    0.4010000000E+03    0.4395668341E+03    0.6709500000E+04   -0.7540301612E+01
        15    0.3940000000E+03    0.4654604183E+03    0.7238700000E+04   -0.6833712984E+01
        16    0.4260000000E+03    0.4131422921E+03    0.6596100000E+04   -0.9275730623E+01
        17    0.4260000000E+03    0.4888945685E+03    0.7749000000E+04   -0.6268806419E+01
        18    0.4540000000E+03    0.4377461504E+03    0.6482700000E+04   -0.7139240506E+01
        19    0.4180000000E+03    0.4306576884E+03    0.6407100000E+04   -0.7497360084E+01
        20    0.4160000000E+03    0.4695116375E+03    0.7371000000E+04   -0.6840855107E+01
        21    0.3950000000E+03    0.4462858391E+03    0.7049700000E+04   -0.7839294463E+01
        22    0.4330000000E+03    0.4526451002E+03    0.7371000000E+04   -0.8120649652E+01
        23    0.3790000000E+03    0.4156398842E+03    0.6369300000E+04   -0.8547008547E+01
        24    0.3820000000E+03    0.3900791207E+03    0.5914800000E+04   -0.9405940594E+01
        25    0.3850000000E+03    0.4336701980E+03    0.5946600000E+04   -0.6173952231E+01
        26    0.3650000000E+03    0.4061972696E+03    0.5644500000E+04   -0.7540301612E+01
        27    0.3790000000E+03    0.4294588881E+03    0.6089700000E+04   -0.6833712984E+01
        28    0.3770000000E+03    0.3803367201E+03    0.5549100000E+04   -0.9275730623E+01
        29    0.3940000000E+03    0.4503550713E+03    0.6519000000E+04   -0.6268806419E+01
        30    0.4250000000E+03    0.4055045710E+03    0.5453700000E+04   -0.7139240506E+01
        31    0.3950000000E+03    0.3987921042E+03    0.5390100000E+04   -0.7497360084E+01
        32    0.3930000000E+03    0.4328521158E+03    0.6201000000E+04   -0.6840855107E+01
        33    0.3750000000E+03    0.4112242966E+03    0.5930700000E+04   -0.7839294463E+01
        34    0.3890000000E+03    0.4159855785E+03    0.6201000000E+04   -0.8120649652E+01
        35    0.3580000000E+03    0.3839622976E+03    0.5358300000E+04   -0.8547008547E+01
        36    0.3440000000E+03    0.3551115770E+03    0.4798800000E+04   -0.9405940594E+01
        37    0.3690000000E+03    0.3985146567E+03    0.4824600000E+04   -0.6173952231E+01
        38    0.3250000000E+03    0.3728277050E+03    0.4579500000E+04   -0.7540301612E+01
        39    0.3380000000E+03    0.3934573578E+03    0.4940700000E+04   -0.6833712984E+01
        40    0.3620000000E+03    0.3475311482E+03    0.4502100000E+04   -0.9275730623E+01
        41    0.3610000000E+03    0.4118155742E+03    0.5289000000E+04   -0.6268806419E+01
        42    0.3850000000E+03    0.3732629917E+03    0.4424700000E+04   -0.7139240506E+01
        43    0.3480000000E+03    0.3669265199E+03    0.4373100000E+04   -0.7497360084E+01
        44    0.3680000000E+03    0.3961925942E+03    0.5031000000E+04   -0.6840855107E+01
        45    0.3410000000E+03    0.3761627540E+03    0.4811700000E+04   -0.7839294463E+01
        46    0.3650000000E+03    0.3793260569E+03    0.5031000000E+04   -0.8120649652E+01
        47    0.3250000000E+03    0.3522847109E+03    0.4347300000E+04   -0.8547008547E+01
        48    0.5130000000E+03    0.4915361817E+03    0.8248200000E+04   -0.7255200406E+01
        49    0.4480000000E+03    0.4953955029E+03    0.8301300000E+04   -0.7088607595E+01
        50    0.4650000000E+03    0.4785140969E+03    0.8124300000E+04   -0.7948717949E+01
        51    0.4460000000E+03    0.4774135700E+03    0.8159700000E+04   -0.8116385911E+01
        52    0.4370000000E+03    0.4551593073E+03    0.7788000000E+04   -0.8921282799E+01
        53    0.5020000000E+03    0.5099129853E+03    0.8885400000E+04   -0.7375734901E+01
        54    0.4650000000E+03    0.4922966656E+03    0.8496000000E+04   -0.7786633967E+01
        55    0.4750000000E+03    0.4655735435E+03    0.7894200000E+04   -0.8383561644E+01
        56    0.5040000000E+03    0.5186291735E+03    0.9080100000E+04   -0.7177263969E+01
        57    0.4860000000E+03    0.4899363263E+03    0.8407500000E+04   -0.7755324959E+01
        58    0.4520000000E+03    0.4737241977E+03    0.7611000000E+04   -0.7091808686E+01
        59    0.4590000000E+03    0.4477327533E+03    0.6850200000E+04   -0.7255200406E+01
        60    0.4150000000E+03    0.4513100782E+03    0.6894300000E+04   -0.7088607595E+01
        61    0.4370000000E+03    0.4353686599E+03    0.6747300000E+04   -0.7948717949E+01
        62    0.4150000000E+03    0.4340801354E+03    0.6776700000E+04   -0.8116385911E+01
        63    0.4010000000E+03    0.4137998470E+03    0.6468000000E+04   -0.8921282799E+01
        64    0.4630000000E+03    0.4627256010E+03    0.7379400000E+04   -0.7375734901E+01
        65    0.4420000000E+03    0.4471772543E+03    0.7056000000E+04   -0.7786633967E+01
        66    0.4380000000E+03    0.4236500905E+03    0.6556200000E+04   -0.8383561644E+01
        67    0.4680000000E+03    0.4704078027E+03    0.7541100000E+04   -0.7177263969E+01
        68    0.4520000000E+03    0.4452869088E+03    0.6982500000E+04   -0.7755324959E+01
        69    0.4220000000E+03    0.4333047250E+03    0.6321000000E+04   -0.7091808686E+01
        70    0.4130000000E+03    0.4039293248E+03    0.5452200000E+04   -0.7255200406E+01
        71    0.3950000000E+03    0.4072246534E+03    0.5487300000E+04   -0.7088607595E+01
        72    0.3980000000E+03    0.3922232229E+03    0.5370300000E+04   -0.7948717949E+01
        73    0.3780000000E+03    0.3907467009E+03    0.5393700000E+04   -0.8116385911E+01
        74    0.3720000000E+03    0.3724403866E+03    0.5148000000E+04   -0.8921282799E+01
        75    0.4150000000E+03    0.4155382167E+03    0.5873400000E+04   -0.7375734901E+01
        76    0.3960000000E+03    0.4020578430E+03    0.5616000000E+04   -0.7786633967E+01
        77    0.3880000000E+03    0.3817266375E+03    0.5218200000E+04   -0.8383561644E+01
        78    0.4150000000E+03    0.4221864319E+03    0.6002100000E+04   -0.7177263969E+01
        79    0.3980000000E+03    0.4006374914E+03    0.5557500000E+04   -0.7755324959E+01
        80    0.3820000000E+03    0.3928852524E+03    0.5031000000E+04   -0.7091808686E+01
        81    0.5230000000E+03    0.5121405548E+03    0.9273000000E+04   -0.8128219805E+01
        82    0.5340000000E+03    0.5265192130E+03    0.9256500000E+04   -0.6997971602E+01
        83    0.4890000000E+03    0.5233852955E+03    0.8992500000E+04   -0.6608113760E+01
        84    0.5000000000E+03    0.5522620561E+03    0.9669000000E+04   -0.6025369979E+01
        85    0.4950000000E+03    0.4875916671E+03    0.9223500000E+04   -0.9873248833E+01
        86    0.5220000000E+03    0.5275919756E+03    0.9685500000E+04   -0.7936507937E+01
        87    0.5310000000E+03    0.5355810352E+03    0.9174000000E+04   -0.6114239743E+01
        88    0.5330000000E+03    0.5532085070E+03    0.9768000000E+04   -0.6188925081E+01
        89    0.4920000000E+03    0.5342578625E+03    0.9619500000E+04   -0.7273802484E+01
        90    0.5050000000E+03    0.4920276324E+03    0.8926500000E+04   -0.8830548926E+01
        91    0.5410000000E+03    0.5300841812E+03    0.9240000000E+04   -0.6688241640E+01
        92    0.4680000000E+03    0.4593132441E+03    0.7587000000E+04   -0.8128219805E+01
        93    0.4590000000E+03    0.4737859011E+03    0.7573500000E+04   -0.6997971602E+01
        94    0.4440000000E+03    0.4721559640E+03    0.7357500000E+04   -0.6608113760E+01
        95    0.4580000000E+03    0.4971787749E+03    0.7911000000E+04   -0.6025369979E+01
        96    0.4450000000E+03    0.4350463527E+03    0.7546500000E+04   -0.9873248833E+01
        97    0.4640000000E+03    0.4724146956E+03    0.7924500000E+04   -0.7936507937E+01
        98    0.4660000000E+03    0.4833177172E+03    0.7506000000E+04   -0.6114239743E+01
        99    0.4860000000E+03    0.4975612331E+03    0.7992000000E+04   -0.6188925081E+01
       100    0.4610000000E+03    0.4794565775E+03    0.7870500000E+04   -0.7273802484E+01
       101    0.4640000000E+03    0.4411742959E+03    0.7303500000E+04   -0.8830548926E+01
       102    0.4750000000E+03    0.4774448680E+03    0.7560000000E+04   -0.6688241640E+01
       103    0.4190000000E+03    0.4064859334E+03    0.5901000000E+04   -0.8128219805E+01
       104    0.4180000000E+03    0.4210525891E+03    0.5890500000E+04   -0.6997971602E+01
       105    0.4020000000E+03    0.4209266324E+03    0.5722500000E+04   -0.6608113760E+01
       106    0.3980000000E+03    0.4420954936E+03    0.6153000000E+04   -0.6025369979E+01
       107    0.4110000000E+03    0.3825010383E+03    0.5869500000E+04   -0.9873248833E+01
       108    0.4280000000E+03    0.4172374155E+03    0.6163500000E+04   -0.7936507937E+01
       109    0.4150000000E+03    0.4310543991E+03    0.5838000000E+04   -0.6114239743E+01
       110    0.4250000000E+03    0.4419139592E+03    0.6216000000E+04   -0.6188925081E+01
       111    0.4120000000E+03    0.4246552926E+03    0.6121500000E+04   -0.7273802484E+01
       112    0.4100000000E+03    0.3903209595E+03    0.5680500000E+04   -0.8830548926E+01
       113    0.4150000000E+03    0.4248055549E+03    0.5880000000E+04   -0.6688241640E+01
       114    0.5820000000E+03    0.5706053553E+03    0.8505600000E+04   -0.1867572156E+01
       115    0.5240000000E+03    0.5558817754E+03    0.8217600000E+04   -0.2300052274E+01
       116    0.5830000000E+03    0.5536694529E+03    0.7872000000E+04   -0.1646264247E+01
       117    0.5690000000E+03    0.5605170581E+03    0.8332800000E+04   -0.2222222222E+01
       118    0.5360000000E+03    0.5354015404E+03    0.7584000000E+04   -0.2347680268E+01
       119    0.5770000000E+03    0.5600815740E+03    0.8198400000E+04   -0.1935733643E+01
       120    0.5650000000E+03    0.5457965857E+03    0.8140800000E+04   -0.2882703777E+01
       121    0.5620000000E+03    0.5527999114E+03    0.7891200000E+04   -0.1757890531E+01
       122    0.5220000000E+03    0.5289638987E+03    0.7176600000E+04   -0.1867572156E+01
       123    0.5040000000E+03    0.5156503003E+03    0.6933600000E+04   -0.2300052274E+01
       124    0.5160000000E+03    0.5151299558E+03    0.6642000000E+04   -0.1646264247E+01
       125    0.5170000000E+03    0.5197215904E+03    0.7030800000E+04   -0.2222222222E+01
       126    0.5110000000E+03    0.4982720249E+03    0.6399000000E+04   -0.2347680268E+01
       127    0.5180000000E+03    0.5199440977E+03    0.6917400000E+04   -0.1935733643E+01
       128    0.5240000000E+03    0.5059411057E+03    0.6868800000E+04   -0.2882703777E+01
       129    0.5030000000E+03    0.5141664155E+03    0.6658200000E+04   -0.1757890531E+01
       130    0.4830000000E+03    0.4873224420E+03    0.5847600000E+04   -0.1867572156E+01
       131    0.4570000000E+03    0.4754188252E+03    0.5649600000E+04   -0.2300052274E+01
       132    0.4820000000E+03    0.4765904586E+03    0.5412000000E+04   -0.1646264247E+01
       133    0.4700000000E+03    0.4789261227E+03    0.5728800000E+04   -0.2222222222E+01
       134    0.4590000000E+03    0.4611425093E+03    0.5214000000E+04   -0.2347680268E+01
       135    0.4900000000E+03    0.4798066215E+03    0.5636400000E+04   -0.1935733643E+01
       136    0.4850000000E+03    0.4660856258E+03    0.5596800000E+04   -0.2882703777E+01
       137    0.4830000000E+03    0.4755329195E+03    0.5425200000E+04   -0.1757890531E+01
       138    0.5870000000E+03    0.5698101495E+03    0.8471809680E+04   -0.1847575058E+01
       139    0.5710000000E+03    0.5597258980E+03    0.8075212721E+04   -0.1669847328E+01
       140    0.5780000000E+03    0.5581444623E+03    0.8352132104E+04   -0.2448210923E+01
       141    0.5260000000E+03    0.5568073590E+03    0.8606998132E+04   -0.3155603917E+01
       142    0.5350000000E+03    0.5543295355E+03    0.7988006454E+04   -0.1871980676E+01
       143    0.5720000000E+03    0.5706790566E+03    0.8476742635E+04   -0.1793372320E+01
       144    0.5620000000E+03    0.5659822522E+03    0.8719655176E+04   -0.2727272727E+01
       145    0.5630000000E+03    0.5596171564E+03    0.8520856365E+04   -0.2737603306E+01
       146    0.5830000000E+03    0.5622559066E+03    0.8261100692E+04   -0.1919819311E+01
       147    0.5850000000E+03    0.5471789822E+03    0.7769461800E+04   -0.1894964808E+01
       148    0.5920000000E+03    0.5591243689E+03    0.8291558410E+04   -0.2229845626E+01
       149    0.5730000000E+03    0.5713267275E+03    0.8539403906E+04   -0.1893203883E+01
       150    0.5360000000E+03    0.5767370488E+03    0.8832312219E+04   -0.2179062056E+01
       151    0.5570000000E+03    0.5602411623E+03    0.7953587279E+04   -0.1341589267E+01
       152    0.5520000000E+03    0.5283341224E+03    0.7148089417E+04   -0.1847575058E+01
       153    0.5190000000E+03    0.5201915182E+03    0.6813460733E+04   -0.1669847328E+01
       154    0.5240000000E+03    0.5172543491E+03    0.7047111463E+04   -0.2448210923E+01
       155    0.5080000000E+03    0.5146694804E+03    0.7262154674E+04   -0.3155603917E+01
       156    0.4900000000E+03    0.5152220975E+03    0.6739880446E+04   -0.1871980676E+01
       157    0.5500000000E+03    0.5291788789E+03    0.7152251598E+04   -0.1793372320E+01
       158    0.5150000000E+03    0.5232928308E+03    0.7357209055E+04   -0.2727272727E+01
       159    0.5300000000E+03    0.5179010081E+03    0.7189472558E+04   -0.2737603306E+01
       160    0.5460000000E+03    0.5218114622E+03    0.6970303709E+04   -0.1919819311E+01
       161    0.5350000000E+03    0.5091414885E+03    0.6555483394E+04   -0.1894964808E+01
       162    0.5500000000E+03    0.5185308105E+03    0.6996002409E+04   -0.2229845626E+01
       163    0.5420000000E+03    0.5295197747E+03    0.7205122046E+04   -0.1893203883E+01
       164    0.5920000000E+03    0.5334960845E+03    0.7452263435E+04   -0.2179062056E+01
       165    0.5240000000E+03    0.5213022326E+03    0.6710839267E+04   -0.1341589267E+01
       166    0.4970000000E+03    0.4868580954E+03    0.5824369155E+04   -0.1847575058E+01
       167    0.4910000000E+03    0.4806571385E+03    0.5551708745E+04   -0.1669847328E+01
       168    0.4630000000E+03    0.4763642359E+03    0.5742090822E+04   -0.2448210923E+01
       169    0.4640000000E+03    0.4725316019E+03    0.5917311216E+04   -0.3155603917E+01
       170    0.4590000000E+03    0.4761146595E+03    0.5491754437E+04   -0.1871980676E+01
       171    0.4890000000E+03    0.4876787013E+03    0.5827760562E+04   -0.1793372320E+01
       172    0.4770000000E+03    0.4806034093E+03    0.5994762933E+04   -0.2727272727E+01
       173    0.4690000000E+03    0.4761848598E+03    0.5858088751E+04   -0.2737603306E+01
       174    0.4960000000E+03    0.4813670178E+03    0.5679506726E+04   -0.1919819311E+01
       175    0.4670000000E+03    0.4711039947E+03    0.5341504987E+04   -0.1894964808E+01
       176    0.5110000000E+03    0.4779372521E+03    0.5700446407E+04   -0.2229845626E+01
       177    0.4900000000E+03    0.4877128219E+03    0.5870840185E+04   -0.1893203883E+01
       178    0.5230000000E+03    0.4902551201E+03    0.6072214651E+04   -0.2179062056E+01
       179    0.4760000000E+03    0.4823633030E+03    0.5468091254E+04   -0.1341589267E+01
       180    0.6100000000E+03    0.6093442764E+03    0.9966646507E+04   -0.2401746725E+01
       181    0.5810000000E+03    0.5733690115E+03    0.9057625552E+04   -0.2970297030E+01
       182    0.6250000000E+03    0.6332793576E+03    0.1057470557E+05   -0.2031250000E+01
       183    0.5620000000E+03    0.5835086645E+03    0.9216930524E+04   -0.2579666161E+01
       184    0.6350000000E+03    0.6033651967E+03    0.9976172843E+04   -0.2878074307E+01
       185    0.5660000000E+03    0.5998019300E+03    0.9665974342E+04   -0.2410958904E+01
       186    0.6380000000E+03    0.6020226976E+03    0.9472777648E+04   -0.1783132530E+01
       187    0.6060000000E+03    0.5807987407E+03    0.8961990618E+04   -0.2179176755E+01
       188    0.5820000000E+03    0.6139660739E+03    0.9748254030E+04   -0.1531833413E+01
       189    0.6340000000E+03    0.6088467437E+03    0.9740361146E+04   -0.1901511458E+01
       190    0.5850000000E+03    0.6005310229E+03    0.9490024762E+04   -0.1937321937E+01
       191    0.6030000000E+03    0.5897971563E+03    0.9539427949E+04   -0.2869238006E+01
       192    0.6250000000E+03    0.5804729188E+03    0.9194172671E+04   -0.2755905512E+01
       193    0.6310000000E+03    0.6080091498E+03    0.9838253403E+04   -0.2197802198E+01
       194    0.6250000000E+03    0.6350529213E+03    0.1070635168E+05   -0.2209660843E+01
       195    0.5510000000E+03    0.5605498729E+03    0.8409357990E+04   -0.2401746725E+01
       196    0.5390000000E+03    0.5290249650E+03    0.7642371559E+04   -0.2970297030E+01
       197    0.5640000000E+03    0.5815080371E+03    0.8922407822E+04   -0.2031250000E+01
       198    0.5500000000E+03    0.5383846976E+03    0.7776785130E+04   -0.2579666161E+01
       199    0.5900000000E+03    0.5545241544E+03    0.8417395837E+04   -0.2878074307E+01
       200    0.5270000000E+03    0.5524795480E+03    0.8155665851E+04   -0.2410958904E+01
       201    0.5570000000E+03    0.5556461622E+03    0.7992656141E+04   -0.1783132530E+01
       202    0.5510000000E+03    0.5369229008E+03    0.7561679584E+04   -0.2179176755E+01
       203    0.5830000000E+03    0.5662408696E+03    0.8225089338E+04   -0.1531833413E+01
       204    0.5700000000E+03    0.5611601812E+03    0.8218429717E+04   -0.1901511458E+01
       205    0.5430000000E+03    0.5540700496E+03    0.8007208393E+04   -0.1937321937E+01
       206    0.5430000000E+03    0.5430943164E+03    0.8048892332E+04   -0.2869238006E+01
       207    0.5630000000E+03    0.5354603691E+03    0.7757583191E+04   -0.2755905512E+01
       208    0.5770000000E+03    0.5598433293E+03    0.8301026309E+04   -0.2197802198E+01
       209    0.5780000000E+03    0.5826370917E+03    0.9033484226E+04   -0.2209660843E+01
       210    0.4900000000E+03    0.5117554694E+03    0.6852069473E+04   -0.2401746725E+01
       211    0.4960000000E+03    0.4846809185E+03    0.6227117567E+04   -0.2970297030E+01
       212    0.5110000000E+03    0.5297367166E+03    0.7270110077E+04   -0.2031250000E+01
       213    0.4940000000E+03    0.4932607307E+03    0.6336639735E+04   -0.2579666161E+01
       214    0.5170000000E+03    0.5056831121E+03    0.6858618830E+04   -0.2878074307E+01
       215    0.4800000000E+03    0.5051571661E+03    0.6645357360E+04   -0.2410958904E+01
       216    0.5020000000E+03    0.5092696267E+03    0.6512534633E+04   -0.1783132530E+01
       217    0.5040000000E+03    0.4930470609E+03    0.6161368550E+04   -0.2179176755E+01
       218    0.5050000000E+03    0.5185156653E+03    0.6701924646E+04   -0.1531833413E+01
       219    0.5020000000E+03    0.5134736186E+03    0.6696498288E+04   -0.1901511458E+01
       220    0.4960000000E+03    0.5076090762E+03    0.6524392024E+04   -0.1937321937E+01
       221    0.5010000000E+03    0.4963914764E+03    0.6558356715E+04   -0.2869238006E+01
       222    0.5170000000E+03    0.4904478194E+03    0.6320993711E+04   -0.2755905512E+01
       223    0.5230000000E+03    0.5116775089E+03    0.6763799215E+04   -0.2197802198E+01
       224    0.5160000000E+03    0.5302212622E+03    0.7360616777E+04   -0.2209660843E+01
       225    0.4860000000E+03    0.4603972234E+03    0.7833600000E+04   -0.8632254302E+01
       226    0.4270000000E+03    0.4688409514E+03    0.7430400000E+04   -0.7032967033E+01
       227    0.5100000000E+03    0.4787230123E+03    0.7968000000E+04   -0.7561267185E+01
       228    0.4510000000E+03    0.4655211666E+03    0.8044800000E+04   -0.8745583039E+01
       229    0.4250000000E+03    0.4793627536E+03    0.8025600000E+04   -0.7649667406E+01
       230    0.4320000000E+03    0.4495900819E+03    0.7584000000E+04   -0.8858858859E+01
       231    0.4820000000E+03    0.4729259817E+03    0.7910400000E+04   -0.7864190366E+01
       232    0.4350000000E+03    0.4220457239E+03    0.6609600000E+04   -0.8632254302E+01
       233    0.4060000000E+03    0.4324634260E+03    0.6269400000E+04   -0.7032967033E+01
       234    0.4700000000E+03    0.4397135213E+03    0.6723000000E+04   -0.7561267185E+01
       235    0.4380000000E+03    0.4261356805E+03    0.6787800000E+04   -0.8745583039E+01
       236    0.4040000000E+03    0.4400712663E+03    0.6771600000E+04   -0.7649667406E+01
       237    0.4060000000E+03    0.4124605664E+03    0.6399000000E+04   -0.8858858859E+01
       238    0.4430000000E+03    0.4341984870E+03    0.6674400000E+04   -0.7864190366E+01
       239    0.3970000000E+03    0.3836942243E+03    0.5385600000E+04   -0.8632254302E+01
       240    0.3850000000E+03    0.3960859007E+03    0.5108400000E+04   -0.7032967033E+01
       241    0.4250000000E+03    0.4007040303E+03    0.5478000000E+04   -0.7561267185E+01
       242    0.3960000000E+03    0.3867501944E+03    0.5530800000E+04   -0.8745583039E+01
       243    0.3800000000E+03    0.4007797790E+03    0.5517600000E+04   -0.7649667406E+01
       244    0.3630000000E+03    0.3753310508E+03    0.5214000000E+04   -0.8858858859E+01
       245    0.3980000000E+03    0.3954709923E+03    0.5438400000E+04   -0.7864190366E+01
       246    0.5050000000E+03    0.4789530445E+03    0.8236800000E+04   -0.8182877111E+01
       247    0.5360000000E+03    0.5244994577E+03    0.8448000000E+04   -0.5229040622E+01
       248    0.4840000000E+03    0.4704525413E+03    0.8352000000E+04   -0.9101760668E+01
       249    0.4950000000E+03    0.4918084891E+03    0.8486400000E+04   -0.7800851970E+01
       250    0.5510000000E+03    0.4729640931E+03    0.8428800000E+04   -0.9093779602E+01
       251    0.4770000000E+03    0.5272842597E+03    0.8774400000E+04   -0.5793742758E+01
       252    0.5300000000E+03    0.5158294979E+03    0.8160000000E+04   -0.5202185792E+01
       253    0.5160000000E+03    0.4755816540E+03    0.7987200000E+04   -0.7845273767E+01
       254    0.4450000000E+03    0.4638995475E+03    0.8006400000E+04   -0.8777332923E+01
       255    0.5510000000E+03    0.5312438052E+03    0.8985600000E+04   -0.5995423341E+01
       256    0.5100000000E+03    0.5034385779E+03    0.8582400000E+04   -0.7146624473E+01
       257    0.4430000000E+03    0.4723056548E+03    0.8217600000E+04   -0.8641618497E+01
       258    0.4490000000E+03    0.4386275707E+03    0.6949800000E+04   -0.8182877111E+01
       259    0.5020000000E+03    0.4831399974E+03    0.7128000000E+04   -0.5229040622E+01
       260    0.4510000000E+03    0.4295630748E+03    0.7047000000E+04   -0.9101760668E+01
       261    0.4590000000E+03    0.4502610312E+03    0.7160400000E+04   -0.7800851970E+01
       262    0.4970000000E+03    0.4316986315E+03    0.7111800000E+04   -0.9093779602E+01
       263    0.4510000000E+03    0.4843268202E+03    0.7403400000E+04   -0.5793742758E+01
       264    0.4970000000E+03    0.4758800191E+03    0.6885000000E+04   -0.5202185792E+01
       265    0.4610000000E+03    0.4364781642E+03    0.6739200000E+04   -0.7845273767E+01
       266    0.3990000000E+03    0.4247020589E+03    0.6755400000E+04   -0.8777332923E+01
       267    0.5020000000E+03    0.4872523792E+03    0.7581600000E+04   -0.5995423341E+01
       268    0.4900000000E+03    0.4614211262E+03    0.7241400000E+04   -0.7146624473E+01
       269    0.4240000000E+03    0.4320741798E+03    0.6933600000E+04   -0.8641618497E+01
       270    0.4110000000E+03    0.3983020968E+03    0.5662800000E+04   -0.8182877111E+01
       271    0.4480000000E+03    0.4417805370E+03    0.5808000000E+04   -0.5229040622E+01
       272    0.4040000000E+03    0.3886736083E+03    0.5742000000E+04   -0.9101760668E+01
       273    0.4110000000E+03    0.4087135733E+03    0.5834400000E+04   -0.7800851970E+01
       274    0.4380000000E+03    0.3904331700E+03    0.5794800000E+04   -0.9093779602E+01
       275    0.4100000000E+03    0.4413693807E+03    0.6032400000E+04   -0.5793742758E+01
       276    0.4500000000E+03    0.4359305404E+03    0.5610000000E+04   -0.5202185792E+01
       277    0.4100000000E+03    0.3973746744E+03    0.5491200000E+04   -0.7845273767E+01
       278    0.3830000000E+03    0.3855045704E+03    0.5504400000E+04   -0.8777332923E+01
       279    0.4600000000E+03    0.4432609532E+03    0.6177600000E+04   -0.5995423341E+01
       280    0.4420000000E+03    0.4194036744E+03    0.5900400000E+04   -0.7146624473E+01
       281    0.3990000000E+03    0.3918427047E+03    0.5649600000E+04   -0.8641618497E+01
       282    0.5630000000E+03    0.5384628247E+03    0.6846000000E+04   -0.3608232543E+00
       283    0.5300000000E+03    0.5416378894E+03    0.6930000000E+04   -0.3196141386E+00
       284    0.5700000000E+03    0.5374336925E+03    0.6804000000E+04   -0.3390576838E+00
       285    0.5780000000E+03    0.5564855174E+03    0.7413000000E+04   -0.3413284133E+00
       286    0.5370000000E+03    0.5389115720E+03    0.6846000000E+04   -0.3267733341E+00
       287    0.5690000000E+03    0.5450427389E+03    0.7056000000E+04   -0.3608232543E+00
       288    0.5760000000E+03    0.5141938103E+03    0.6069000000E+04   -0.3550058690E+00
       289    0.5490000000E+03    0.5541137978E+03    0.7329000000E+04   -0.3215815291E+00
       290    0.5220000000E+03    0.5268564308E+03    0.6468000000E+04   -0.3428059718E+00
       291    0.5700000000E+03    0.5406560149E+03    0.6909000000E+04   -0.3441896485E+00
       292    0.5100000000E+03    0.5078192246E+03    0.5868000000E+04   -0.3608232543E+00
       293    0.5100000000E+03    0.5106182941E+03    0.5940000000E+04   -0.3196141386E+00
       294    0.5170000000E+03    0.5069780899E+03    0.5832000000E+04   -0.3390576838E+00
       295    0.5400000000E+03    0.5233039503E+03    0.6354000000E+04   -0.3413284133E+00
       296    0.5180000000E+03    0.5082679718E+03    0.5868000000E+04   -0.3267733341E+00
       297    0.5230000000E+03    0.5134591510E+03    0.6048000000E+04   -0.3608232543E+00
       298    0.5370000000E+03    0.4870281648E+03    0.5202000000E+04   -0.3550058690E+00
       299    0.5360000000E+03    0.5213082259E+03    0.6282000000E+04   -0.3215815291E+00
       300    0.5030000000E+03    0.4979048086E+03    0.5544000000E+04   -0.3428059718E+00
       301    0.5400000000E+03    0.5097304184E+03    0.5922000000E+04   -0.3441896485E+00
       302    0.4900000000E+03    0.4771756244E+03    0.4890000000E+04   -0.3608232543E+00
       303    0.4770000000E+03    0.4795986989E+03    0.4950000000E+04   -0.3196141386E+00
       304    0.4830000000E+03    0.4765224873E+03    0.4860000000E+04   -0.3390576838E+00
       305    0.5030000000E+03    0.4901223833E+03    0.5295000000E+04   -0.3413284133E+00
       306    0.4710000000E+03    0.4776243716E+03    0.4890000000E+04   -0.3267733341E+00
       307    0.4760000000E+03    0.4818755631E+03    0.5040000000E+04   -0.3608232543E+00
       308    0.5020000000E+03    0.4598625192E+03    0.4335000000E+04   -0.3550058690E+00
       309    0.4960000000E+03    0.4885026539E+03    0.5235000000E+04   -0.3215815291E+00
       310    0.4710000000E+03    0.4689531863E+03    0.4620000000E+04   -0.3428059718E+00
       311    0.4970000000E+03    0.4788048219E+03    0.4935000000E+04   -0.3441896485E+00
       312    0.5910000000E+03    0.5868650380E+03    0.8374296012E+04   -0.3216529176E+00
       313    0.5900000000E+03    0.5913074701E+03    0.8540948669E+04   -0.3807831440E+00
       314    0.6060000000E+03    0.6072254787E+03    0.9046971703E+04   -0.3760159662E+00
       315    0.5840000000E+03    0.5951337742E+03    0.8662207853E+04   -0.3787420928E+00
       316    0.6040000000E+03    0.5962522000E+03    0.8694157149E+04   -0.3698370099E+00
       317    0.5910000000E+03    0.5982011958E+03    0.8755992093E+04   -0.3689624329E+00
       318    0.5880000000E+03    0.6235750837E+03    0.9561645184E+04   -0.3590664273E+00
       319    0.5880000000E+03    0.5720303661E+03    0.7922606592E+04   -0.3733955659E+00
       320    0.5500000000E+03    0.6094691134E+03    0.9106328747E+04   -0.3468937244E+00
       321    0.6090000000E+03    0.6000080440E+03    0.8825554990E+04   -0.3972466696E+00
       322    0.6040000000E+03    0.5794876873E+03    0.8163885884E+04   -0.3811855219E+00
       323    0.6190000000E+03    0.6178926564E+03    0.9378767731E+04   -0.3554502370E+00
       324    0.6430000000E+03    0.5870710647E+03    0.8405499382E+04   -0.3802051901E+00
       325    0.5690000000E+03    0.6131579786E+03    0.9239688377E+04   -0.3840496813E+00
       326    0.5510000000E+03    0.5416251786E+03    0.6930451872E+04   -0.3216529176E+00
       327    0.5430000000E+03    0.5451673149E+03    0.7068371312E+04   -0.3807831440E+00
       328    0.5430000000E+03    0.5583516716E+03    0.7487148996E+04   -0.3760159662E+00
       329    0.5240000000E+03    0.5483385492E+03    0.7168723741E+04   -0.3787420928E+00
       330    0.5710000000E+03    0.5492843777E+03    0.7195164537E+04   -0.3698370099E+00
       331    0.5420000000E+03    0.5508993269E+03    0.7246338284E+04   -0.3689624329E+00
       332    0.5310000000E+03    0.5719208929E+03    0.7913085670E+04   -0.3590664273E+00
       333    0.5310000000E+03    0.5292306360E+03    0.6556639938E+04   -0.3733955659E+00
       334    0.5120000000E+03    0.5602746459E+03    0.7536272067E+04   -0.3468937244E+00
       335    0.5630000000E+03    0.5523303806E+03    0.7303907578E+04   -0.3972466696E+00
       336    0.5500000000E+03    0.5353845115E+03    0.6756319352E+04   -0.3811855219E+00
       337    0.5830000000E+03    0.5672264113E+03    0.7761738812E+04   -0.3554502370E+00
       338    0.5830000000E+03    0.5416626376E+03    0.6956275351E+04   -0.3802051901E+00
       339    0.5500000000E+03    0.5632430720E+03    0.7646638657E+04   -0.3840496813E+00
       340    0.4820000000E+03    0.4963853191E+03    0.5486607732E+04   -0.3216529176E+00
       341    0.4820000000E+03    0.4990271598E+03    0.5595793955E+04   -0.3807831440E+00
       342    0.4900000000E+03    0.5094778645E+03    0.5927326288E+04   -0.3760159662E+00
       343    0.4760000000E+03    0.5015433243E+03    0.5675239628E+04   -0.3787420928E+00
       344    0.4830000000E+03    0.5023165553E+03    0.5696171925E+04   -0.3698370099E+00
       345    0.4800000000E+03    0.5035974581E+03    0.5736684475E+04   -0.3689624329E+00
       346    0.4910000000E+03    0.5202667021E+03    0.6264526155E+04   -0.3590664273E+00
       347    0.4710000000E+03    0.4864309060E+03    0.5190673285E+04   -0.3733955659E+00
       348    0.4690000000E+03    0.5110801785E+03    0.5966215386E+04   -0.3468937244E+00
       349    0.4900000000E+03    0.5046527171E+03    0.5782260166E+04   -0.3972466696E+00
       350    0.4830000000E+03    0.4912813356E+03    0.5348752820E+04   -0.3811855219E+00
       351    0.4980000000E+03    0.5165601663E+03    0.6144709893E+04   -0.3554502370E+00
       352    0.4910000000E+03    0.4962542104E+03    0.5507051319E+04   -0.3802051901E+00
       353    0.4630000000E+03    0.5133281654E+03    0.6053588937E+04   -0.3840496813E+00
       354    0.6000000000E+03    0.5837185746E+03    0.8299800000E+04   -0.3832872928E+00
       355    0.6150000000E+03    0.5877552272E+03    0.8404200000E+04   -0.3252032520E+00
       356    0.6070000000E+03    0.5686364575E+03    0.7812600000E+04   -0.3693801449E+00
       357    0.5960000000E+03    0.5787116348E+03    0.8108400000E+04   -0.3081545395E+00
       358    0.6180000000E+03    0.5941403548E+03    0.8630400000E+04   -0.3784982413E+00
       359    0.5850000000E+03    0.5966954918E+03    0.8717400000E+04   -0.3914602454E+00
       360    0.5510000000E+03    0.5388811597E+03    0.6868800000E+04   -0.3832872928E+00
       361    0.5560000000E+03    0.5423538196E+03    0.6955200000E+04   -0.3252032520E+00
       362    0.5500000000E+03    0.5264310082E+03    0.6465600000E+04   -0.3693801449E+00
       363    0.5370000000E+03    0.5349082063E+03    0.6710400000E+04   -0.3081545395E+00
       364    0.5430000000E+03    0.5475169632E+03    0.7142400000E+04   -0.3784982413E+00
       365    0.5430000000E+03    0.5496021062E+03    0.7214400000E+04   -0.3914602454E+00
       366    0.4710000000E+03    0.4940437447E+03    0.5437800000E+04   -0.3832872928E+00
       367    0.4760000000E+03    0.4969524120E+03    0.5506200000E+04   -0.3252032520E+00
       368    0.4820000000E+03    0.4842255589E+03    0.5118600000E+04   -0.3693801449E+00
       369    0.4770000000E+03    0.4911047779E+03    0.5312400000E+04   -0.3081545395E+00
       370    0.4910000000E+03    0.5008935715E+03    0.5654400000E+04   -0.3784982413E+00
       371    0.4790000000E+03    0.5025087207E+03    0.5711400000E+04   -0.3914602454E+00
       372    0.7810000000E+03    0.7880638328E+03    0.1503960000E+05   -0.9017132552E+00
       373    0.6980000000E+03    0.7847326230E+03    0.1494000000E+05   -0.9176817611E+00
       374    0.9060000000E+03    0.8049316560E+03    0.1553760000E+05   -0.8058017728E+00
       375    0.7400000000E+03    0.7085784699E+03    0.1250280000E+05   -0.9017132552E+00
       376    0.6780000000E+03    0.7057736533E+03    0.1242000000E+05   -0.9176817611E+00
       377    0.7700000000E+03    0.7228143275E+03    0.1291680000E+05   -0.8058017728E+00
       378    0.7940000000E+03    0.8139910908E+03    0.1688867016E+05   -0.3330522766E+01
       379    0.8550000000E+03    0.7774691688E+03    0.1658704384E+05   -0.5384615385E+01
       380    0.7680000000E+03    0.7948691009E+03    0.1647542232E+05   -0.3798971112E+01
       381    0.7450000000E+03    0.7268334440E+03    0.1410700684E+05   -0.3330522766E+01
       382    0.7070000000E+03    0.6918681302E+03    0.1385506015E+05   -0.5384615385E+01
       383    0.7180000000E+03    0.7098441093E+03    0.1376182335E+05   -0.3798971112E+01
       384    0.8740000000E+03    0.7397240786E+03    0.1337130000E+05   -0.6032888975E+00
       385    0.8290000000E+03    0.7383697792E+03    0.1343023305E+05   -0.8461616882E+00
       386    0.7000000000E+03    0.7652588365E+03    0.1416156781E+05   -0.5446083771E+00
       387    0.8060000000E+03    0.6755947419E+03    0.1132290000E+05   -0.5992654166E+00
       388    0.7200000000E+03    0.6668692832E+03    0.1114398450E+05   -0.8359669691E+00
       389    0.6880000000E+03    0.6903889622E+03    0.1177286963E+05   -0.5465033903E+00
       390    0.1034000000E+04    0.1130687350E+04    0.2576215872E+05   -0.3967929314E+00
       391    0.1139000000E+04    0.1161513644E+04    0.2677073801E+05   -0.4556319092E+00
       392    0.1002000000E+04    0.9555031076E+03    0.2016842723E+05   -0.3904401325E+00
       393    0.1056000000E+04    0.1130687350E+04    0.2576215872E+05   -0.3967929314E+00
       394    0.1124000000E+04    0.1161513644E+04    0.2677073801E+05   -0.4556319092E+00
       395    0.1082000000E+04    0.9555031076E+03    0.2016842723E+05   -0.3904401325E+00
       396    0.1054000000E+04    0.1130687350E+04    0.2576215872E+05   -0.3967929314E+00
       397    0.1190000000E+04    0.1161513644E+04    0.2677073801E+05   -0.4556319092E+00
       398    0.9350000000E+03    0.9555031076E+03    0.2016842723E+05   -0.3904401325E+00
       399    0.1037000000E+04    0.1088754686E+04    0.2442386476E+05   -0.3967929314E+00
       400    0.1110000000E+04    0.1117939332E+04    0.2538005032E+05   -0.4556319092E+00
       401    0.1035000000E+04    0.9226752736E+03    0.1912071673E+05   -0.3904401325E+00
       402    0.9270000000E+03    0.8959220457E+03    0.2547550312E+05   -0.1752873563E+02
       403    0.9760000000E+03    0.9830841898E+03    0.2613220948E+05   -0.1247637051E+02
       404    0.9860000000E+03    0.1033081405E+04    0.2124730064E+05    0.2931034483E+01
       405    0.9560000000E+03    0.8959220457E+03    0.2547550312E+05   -0.1752873563E+02
       406    0.9460000000E+03    0.9830841898E+03    0.2613220948E+05   -0.1247637051E+02
       407    0.1089000000E+04    0.1033081405E+04    0.2124730064E+05    0.2931034483E+01
       408    0.9600000000E+03    0.8959220457E+03    0.2547550312E+05   -0.1752873563E+02
       409    0.1033000000E+04    0.9830841898E+03    0.2613220948E+05   -0.1247637051E+02
       410    0.1080000000E+04    0.1033081405E+04    0.2124730064E+05    0.2931034483E+01
       411    0.9240000000E+03    0.8544559670E+03    0.2415210036E+05   -0.1752873563E+02
       412    0.1009000000E+04    0.9405492003E+03    0.2477469210E+05   -0.1247637051E+02
       413    0.1053000000E+04    0.9984975057E+03    0.2014354477E+05    0.2931034483E+01
       414    0.8540000000E+03    0.9522975234E+03    0.2056622377E+05   -0.1579422383E+01
       415    0.1086000000E+04    0.1026273170E+04    0.2337811775E+05   -0.2651515152E+01
       416    0.8890000000E+03    0.9046881694E+03    0.1952462731E+05   -0.2715546504E+01
       417    0.8840000000E+03    0.9522975234E+03    0.2056622377E+05   -0.1579422383E+01
       418    0.1057000000E+04    0.1026273170E+04    0.2337811775E+05   -0.2651515152E+01
       419    0.9000000000E+03    0.9046881694E+03    0.1952462731E+05   -0.2715546504E+01
       420    0.8760000000E+03    0.9522975234E+03    0.2056622377E+05   -0.1579422383E+01
       421    0.1068000000E+04    0.1026273170E+04    0.2337811775E+05   -0.2651515152E+01
       422    0.8380000000E+03    0.9046881694E+03    0.1952462731E+05   -0.2715546504E+01
       423    0.8730000000E+03    0.9188222020E+03    0.1949784851E+05   -0.1579422383E+01
       424    0.1120000000E+04    0.9882209724E+03    0.2216367007E+05   -0.2651515152E+01
       425    0.8980000000E+03    0.8729082384E+03    0.1851036096E+05   -0.2715546504E+01
       426    0.1074000000E+04    0.1093793696E+04    0.2508057653E+05   -0.1575757576E+01
       427    0.1006000000E+04    0.1086896323E+04    0.2512071526E+05   -0.2194543298E+01
       428    0.8580000000E+03    0.9552104393E+03    0.2093392939E+05   -0.2232606438E+01
       429    0.1144000000E+04    0.1093793696E+04    0.2508057653E+05   -0.1575757576E+01
       430    0.1028000000E+04    0.1086896323E+04    0.2512071526E+05   -0.2194543298E+01
       431    0.9480000000E+03    0.9552104393E+03    0.2093392939E+05   -0.2232606438E+01
       432    0.1080000000E+04    0.1093793696E+04    0.2508057653E+05   -0.1575757576E+01
       433    0.1030000000E+04    0.1086896323E+04    0.2512071526E+05   -0.2194543298E+01
       434    0.9570000000E+03    0.9552104393E+03    0.2093392939E+05   -0.2232606438E+01
       435    0.1104000000E+04    0.1052970434E+04    0.2377768944E+05   -0.1575757576E+01
       436    0.1008000000E+04    0.1046007727E+04    0.2381574304E+05   -0.2194543298E+01
       437    0.8820000000E+03    0.9211366090E+03    0.1984645253E+05   -0.2232606438E+01
