     Index       y_measurement           y_fitting        descriptor_1
         1    0.2320000000E+03    0.2662192799E+03    0.1838077703E+02
         2    0.2350000000E+03    0.2679210681E+03    0.2008298850E+02
         3    0.2350000000E+03    0.2679210681E+03    0.2008298850E+02
         4    0.2410000000E+03    0.2667371898E+03    0.1889881575E+02
         5    0.2250000000E+03    0.2656704052E+03    0.1783176586E+02
         6    0.2450000000E+03    0.2672281641E+03    0.1938991221E+02
         7    0.2550000000E+03    0.2679210681E+03    0.2008298850E+02
         8    0.2450000000E+03    0.2672281641E+03    0.1938991221E+02
         9    0.2750000000E+03    0.2685691881E+03    0.2073126969E+02
        10    0.2390000000E+03    0.2674645910E+03    0.1962639786E+02
        11    0.2550000000E+03    0.2676954535E+03    0.1985731784E+02
        12    0.3970000000E+03    0.4560612544E+03    0.2082699704E+03
        13    0.4190000000E+03    0.5019780366E+03    0.2541981734E+03
        14    0.4010000000E+03    0.4734905242E+03    0.2257035754E+03
        15    0.3940000000E+03    0.4976698321E+03    0.2498888973E+03
        16    0.4260000000E+03    0.4621888028E+03    0.2143990429E+03
        17    0.4260000000E+03    0.4976698321E+03    0.2498888973E+03
        18    0.4540000000E+03    0.4932076826E+03    0.2454256380E+03
        19    0.4180000000E+03    0.4734905242E+03    0.2257035754E+03
        20    0.4160000000E+03    0.4976698321E+03    0.2498888973E+03
        21    0.3950000000E+03    0.4679847166E+03    0.2201963983E+03
        22    0.4330000000E+03    0.4679847166E+03    0.2201963983E+03
        23    0.3790000000E+03    0.4812775431E+03    0.2334925311E+03
        24    0.3820000000E+03    0.4258847064E+03    0.1780859167E+03
        25    0.3850000000E+03    0.4651468825E+03    0.2173578584E+03
        26    0.3650000000E+03    0.4407879951E+03    0.1929929123E+03
        27    0.3790000000E+03    0.4614630555E+03    0.2136731151E+03
        28    0.3770000000E+03    0.4311242044E+03    0.1833267179E+03
        29    0.3940000000E+03    0.4614630555E+03    0.2136731151E+03
        30    0.4250000000E+03    0.4576475944E+03    0.2098567050E+03
        31    0.3950000000E+03    0.4407879951E+03    0.1929929123E+03
        32    0.3930000000E+03    0.4614630555E+03    0.2136731151E+03
        33    0.3750000000E+03    0.4360801306E+03    0.1882838768E+03
        34    0.3890000000E+03    0.4360801306E+03    0.1882838768E+03
        35    0.3580000000E+03    0.4474464605E+03    0.1996530338E+03
        36    0.3440000000E+03    0.3957081585E+03    0.1479018631E+03
        37    0.3690000000E+03    0.4283157284E+03    0.1805175434E+03
        38    0.3250000000E+03    0.4080854660E+03    0.1602822492E+03
        39    0.3380000000E+03    0.4252562789E+03    0.1774573329E+03
        40    0.3620000000E+03    0.4000596059E+03    0.1522543928E+03
        41    0.3610000000E+03    0.4252562789E+03    0.1774573329E+03
        42    0.3850000000E+03    0.4220875061E+03    0.1742877719E+03
        43    0.3480000000E+03    0.4080854660E+03    0.1602822492E+03
        44    0.3680000000E+03    0.4252562789E+03    0.1774573329E+03
        45    0.3410000000E+03    0.4041755446E+03    0.1563713553E+03
        46    0.3650000000E+03    0.4041755446E+03    0.1563713553E+03
        47    0.3250000000E+03    0.4136153780E+03    0.1658135366E+03
        48    0.5130000000E+03    0.4831871214E+03    0.2354025844E+03
        49    0.4480000000E+03    0.4811043215E+03    0.2333192664E+03
        50    0.4650000000E+03    0.4653546812E+03    0.2175657088E+03
        51    0.4460000000E+03    0.4552228822E+03    0.2074313897E+03
        52    0.4370000000E+03    0.4497629634E+03    0.2019701129E+03
        53    0.5020000000E+03    0.4768233287E+03    0.2290372088E+03
        54    0.4650000000E+03    0.4629105237E+03    0.2151209433E+03
        55    0.4750000000E+03    0.4746214590E+03    0.2268347915E+03
        56    0.5040000000E+03    0.4768233287E+03    0.2290372088E+03
        57    0.4860000000E+03    0.4629105237E+03    0.2151209433E+03
        58    0.4520000000E+03    0.4789836473E+03    0.2311980648E+03
        59    0.4590000000E+03    0.4469803448E+03    0.1991868022E+03
        60    0.4150000000E+03    0.4452179757E+03    0.1974239947E+03
        61    0.4370000000E+03    0.4318913570E+03    0.1840940613E+03
        62    0.4150000000E+03    0.4233182962E+03    0.1755188682E+03
        63    0.4010000000E+03    0.4186983649E+03    0.1708977878E+03
        64    0.4630000000E+03    0.4415955971E+03    0.1938007151E+03
        65    0.4420000000E+03    0.4298232237E+03    0.1820254136E+03
        66    0.4380000000E+03    0.4397324767E+03    0.1919371313E+03
        67    0.4680000000E+03    0.4415955971E+03    0.1938007151E+03
        68    0.4520000000E+03    0.4298232237E+03    0.1820254136E+03
        69    0.4220000000E+03    0.4434235590E+03    0.1956291317E+03
        70    0.4130000000E+03    0.4107735682E+03    0.1629710200E+03
        71    0.3950000000E+03    0.4093316298E+03    0.1615287229E+03
        72    0.3980000000E+03    0.3984280327E+03    0.1506224138E+03
        73    0.3780000000E+03    0.3914137103E+03    0.1436063467E+03
        74    0.3720000000E+03    0.3876337665E+03    0.1398254628E+03
        75    0.4150000000E+03    0.4063678656E+03    0.1585642215E+03
        76    0.3960000000E+03    0.3967359236E+03    0.1489298838E+03
        77    0.3880000000E+03    0.4048434943E+03    0.1570394711E+03
        78    0.4150000000E+03    0.4063678656E+03    0.1585642215E+03
        79    0.3980000000E+03    0.3967359236E+03    0.1489298838E+03
        80    0.3820000000E+03    0.4078634708E+03    0.1600601987E+03
        81    0.5230000000E+03    0.4564082631E+03    0.2086170655E+03
        82    0.5340000000E+03    0.4687044108E+03    0.2209162715E+03
        83    0.4890000000E+03    0.4585585713E+03    0.2107679085E+03
        84    0.5000000000E+03    0.4706250405E+03    0.2228373790E+03
        85    0.4950000000E+03    0.4290876126E+03    0.1812896196E+03
        86    0.5220000000E+03    0.4627322360E+03    0.2149426113E+03
        87    0.5310000000E+03    0.4761968835E+03    0.2284106078E+03
        88    0.5330000000E+03    0.4725131133E+03    0.2247259214E+03
        89    0.4920000000E+03    0.4627322360E+03    0.2149426113E+03
        90    0.5050000000E+03    0.4542126770E+03    0.2064209333E+03
        91    0.5410000000E+03    0.4667497831E+03    0.2189611577E+03
        92    0.4680000000E+03    0.4222172485E+03    0.1744175466E+03
        93    0.4590000000E+03    0.4324976342E+03    0.1847004893E+03
        94    0.4440000000E+03    0.4240150471E+03    0.1762157924E+03
        95    0.4580000000E+03    0.4341034066E+03    0.1863066611E+03
        96    0.4450000000E+03    0.3993753931E+03    0.1515700098E+03
        97    0.4640000000E+03    0.4275045045E+03    0.1797061177E+03
        98    0.4660000000E+03    0.4387618327E+03    0.1909662459E+03
        99    0.4860000000E+03    0.4356819592E+03    0.1878856064E+03
       100    0.4610000000E+03    0.4275045045E+03    0.1797061177E+03
       101    0.4640000000E+03    0.4203815945E+03    0.1725814360E+03
       102    0.4750000000E+03    0.4308634373E+03    0.1830658860E+03
       103    0.4190000000E+03    0.3880262337E+03    0.1402180276E+03
       104    0.4180000000E+03    0.3962908576E+03    0.1484847071E+03
       105    0.4020000000E+03    0.3894715228E+03    0.1416636762E+03
       106    0.3980000000E+03    0.3975817727E+03    0.1497759433E+03
       107    0.4110000000E+03    0.3696631735E+03    0.1218504000E+03
       108    0.4280000000E+03    0.3922767729E+03    0.1444696240E+03
       109    0.4150000000E+03    0.4013267818E+03    0.1535218839E+03
       110    0.4250000000E+03    0.3988508052E+03    0.1510452914E+03
       111    0.4120000000E+03    0.3922767729E+03    0.1444696240E+03
       112    0.4100000000E+03    0.3865505120E+03    0.1387419388E+03
       113    0.4150000000E+03    0.3949770915E+03    0.1471706142E+03
       114    0.5820000000E+03    0.6189078827E+03    0.3711571032E+03
       115    0.5240000000E+03    0.6066866446E+03    0.3589328253E+03
       116    0.5830000000E+03    0.6234006292E+03    0.3756509671E+03
       117    0.5690000000E+03    0.6114845865E+03    0.3637319606E+03
       118    0.5360000000E+03    0.6066866446E+03    0.3589328253E+03
       119    0.5770000000E+03    0.6234006292E+03    0.3756509671E+03
       120    0.5650000000E+03    0.6037451716E+03    0.3559906207E+03
       121    0.5620000000E+03    0.6234006292E+03    0.3756509671E+03
       122    0.5220000000E+03    0.5635250754E+03    0.3157605206E+03
       123    0.5040000000E+03    0.5531279027E+03    0.3053607619E+03
       124    0.5160000000E+03    0.5673472627E+03    0.3195836586E+03
       125    0.5170000000E+03    0.5572097339E+03    0.3094436083E+03
       126    0.5110000000E+03    0.5531279027E+03    0.3053607619E+03
       127    0.5180000000E+03    0.5673472627E+03    0.3195836586E+03
       128    0.5240000000E+03    0.5506254554E+03    0.3028576922E+03
       129    0.5030000000E+03    0.5673472627E+03    0.3195836586E+03
       130    0.4830000000E+03    0.5081422681E+03    0.2603639381E+03
       131    0.4570000000E+03    0.4995691607E+03    0.2517886984E+03
       132    0.4820000000E+03    0.5112938962E+03    0.2635163501E+03
       133    0.4700000000E+03    0.5029348812E+03    0.2551552560E+03
       134    0.4590000000E+03    0.4995691607E+03    0.2517886984E+03
       135    0.4900000000E+03    0.5112938962E+03    0.2635163501E+03
       136    0.4850000000E+03    0.4975057394E+03    0.2497247638E+03
       137    0.4830000000E+03    0.5112938962E+03    0.2635163501E+03
       138    0.5870000000E+03    0.6143036255E+03    0.3665517008E+03
       139    0.5710000000E+03    0.6161591536E+03    0.3684076904E+03
       140    0.5780000000E+03    0.6133687731E+03    0.3656166158E+03
       141    0.5260000000E+03    0.6057115214E+03    0.3579574596E+03
       142    0.5350000000E+03    0.6095806694E+03    0.3618275699E+03
       143    0.5720000000E+03    0.6152337324E+03    0.3674820390E+03
       144    0.5620000000E+03    0.6152337324E+03    0.3674820390E+03
       145    0.5630000000E+03    0.6076564969E+03    0.3599029188E+03
       146    0.5830000000E+03    0.6143036255E+03    0.3665517008E+03
       147    0.5850000000E+03    0.6095806694E+03    0.3618275699E+03
       148    0.5920000000E+03    0.6086211487E+03    0.3608678106E+03
       149    0.5730000000E+03    0.6133687731E+03    0.3656166158E+03
       150    0.5360000000E+03    0.6170799476E+03    0.3693287134E+03
       151    0.5570000000E+03    0.6170799476E+03    0.3693287134E+03
       152    0.5520000000E+03    0.5596080207E+03    0.3118424917E+03
       153    0.5190000000E+03    0.5611866043E+03    0.3134214679E+03
       154    0.5240000000E+03    0.5588126986E+03    0.3110469717E+03
       155    0.5080000000E+03    0.5522983203E+03    0.3045309731E+03
       156    0.4900000000E+03    0.5555899834E+03    0.3078234550E+03
       157    0.5500000000E+03    0.5603993057E+03    0.3126339735E+03
       158    0.5150000000E+03    0.5603993057E+03    0.3126339735E+03
       159    0.5300000000E+03    0.5539530008E+03    0.3061860652E+03
       160    0.5460000000E+03    0.5596080207E+03    0.3118424917E+03
       161    0.5350000000E+03    0.5555899834E+03    0.3078234550E+03
       162    0.5500000000E+03    0.5547736748E+03    0.3070069433E+03
       163    0.5420000000E+03    0.5588126986E+03    0.3110469717E+03
       164    0.5920000000E+03    0.5619699665E+03    0.3142050249E+03
       165    0.5240000000E+03    0.5619699665E+03    0.3142050249E+03
       166    0.4970000000E+03    0.5049124159E+03    0.2571332826E+03
       167    0.4910000000E+03    0.5062140551E+03    0.2584352455E+03
       168    0.4630000000E+03    0.5042566239E+03    0.2564773275E+03
       169    0.4640000000E+03    0.4988851191E+03    0.2511044866E+03
       170    0.4590000000E+03    0.5015992975E+03    0.2538193401E+03
       171    0.4890000000E+03    0.5055648790E+03    0.2577859080E+03
       172    0.4770000000E+03    0.5055648790E+03    0.2577859080E+03
       173    0.4690000000E+03    0.5002495048E+03    0.2524692117E+03
       174    0.4960000000E+03    0.5049124159E+03    0.2571332826E+03
       175    0.4670000000E+03    0.5015992975E+03    0.2538193401E+03
       176    0.5110000000E+03    0.5009262009E+03    0.2531460761E+03
       177    0.4900000000E+03    0.5042566239E+03    0.2564773275E+03
       178    0.5230000000E+03    0.5068599852E+03    0.2590813363E+03
       179    0.4760000000E+03    0.5068599852E+03    0.2590813363E+03
       180    0.6100000000E+03    0.6133687731E+03    0.3656166158E+03
       181    0.5810000000E+03    0.6066866446E+03    0.3589328253E+03
       182    0.6250000000E+03    0.6161591536E+03    0.3684076904E+03
       183    0.5620000000E+03    0.6076564969E+03    0.3599029188E+03
       184    0.6350000000E+03    0.6095806694E+03    0.3618275699E+03
       185    0.5660000000E+03    0.6076564969E+03    0.3599029188E+03
       186    0.6380000000E+03    0.6189078827E+03    0.3711571032E+03
       187    0.6060000000E+03    0.6076564969E+03    0.3599029188E+03
       188    0.5820000000E+03    0.6216164808E+03    0.3738663750E+03
       189    0.6340000000E+03    0.6152337324E+03    0.3674820390E+03
       190    0.5850000000E+03    0.6105351266E+03    0.3627822645E+03
       191    0.6030000000E+03    0.6143036255E+03    0.3665517008E+03
       192    0.6250000000E+03    0.5997459331E+03    0.3519903875E+03
       193    0.6310000000E+03    0.6047310550E+03    0.3569767493E+03
       194    0.6250000000E+03    0.6143036255E+03    0.3665517008E+03
       195    0.5510000000E+03    0.5588126986E+03    0.3110469717E+03
       196    0.5390000000E+03    0.5531279027E+03    0.3053607619E+03
       197    0.5640000000E+03    0.5611866043E+03    0.3134214679E+03
       198    0.5500000000E+03    0.5539530008E+03    0.3061860652E+03
       199    0.5900000000E+03    0.5555899834E+03    0.3078234550E+03
       200    0.5270000000E+03    0.5539530008E+03    0.3061860652E+03
       201    0.5570000000E+03    0.5635250754E+03    0.3157605206E+03
       202    0.5510000000E+03    0.5539530008E+03    0.3061860652E+03
       203    0.5830000000E+03    0.5658294051E+03    0.3180654235E+03
       204    0.5700000000E+03    0.5603993057E+03    0.3126339735E+03
       205    0.5430000000E+03    0.5564019844E+03    0.3086356579E+03
       206    0.5430000000E+03    0.5596080207E+03    0.3118424917E+03
       207    0.5630000000E+03    0.5472231182E+03    0.2994545087E+03
       208    0.5770000000E+03    0.5514641921E+03    0.3036966375E+03
       209    0.5780000000E+03    0.5596080207E+03    0.3118424917E+03
       210    0.4900000000E+03    0.5042566239E+03    0.2564773275E+03
       211    0.4960000000E+03    0.4995691607E+03    0.2517886984E+03
       212    0.5110000000E+03    0.5062140551E+03    0.2584352455E+03
       213    0.4940000000E+03    0.5002495048E+03    0.2524692117E+03
       214    0.5170000000E+03    0.5015992975E+03    0.2538193401E+03
       215    0.4800000000E+03    0.5002495048E+03    0.2524692117E+03
       216    0.5020000000E+03    0.5081422681E+03    0.2603639381E+03
       217    0.5040000000E+03    0.5002495048E+03    0.2524692117E+03
       218    0.5050000000E+03    0.5100423294E+03    0.2622644720E+03
       219    0.5020000000E+03    0.5055648790E+03    0.2577859080E+03
       220    0.4960000000E+03    0.5022688421E+03    0.2544890512E+03
       221    0.5010000000E+03    0.5049124159E+03    0.2571332826E+03
       222    0.5170000000E+03    0.4947003034E+03    0.2469186300E+03
       223    0.5230000000E+03    0.4981973292E+03    0.2504165256E+03
       224    0.5160000000E+03    0.5049124159E+03    0.2571332826E+03
       225    0.4860000000E+03    0.4768233287E+03    0.2290372088E+03
       226    0.4270000000E+03    0.4872455750E+03    0.2394620474E+03
       227    0.5100000000E+03    0.4831871214E+03    0.2354025844E+03
       228    0.4510000000E+03    0.4677451101E+03    0.2199567322E+03
       229    0.4250000000E+03    0.4986625733E+03    0.2508818855E+03
       230    0.4320000000E+03    0.4892241977E+03    0.2414411623E+03
       231    0.4820000000E+03    0.4604095126E+03    0.2126193102E+03
       232    0.4350000000E+03    0.4415955971E+03    0.1938007151E+03
       233    0.4060000000E+03    0.4504144209E+03    0.2026217324E+03
       234    0.4700000000E+03    0.4469803448E+03    0.1991868022E+03
       235    0.4380000000E+03    0.4339140275E+03    0.1861172349E+03
       236    0.4040000000E+03    0.4600749579E+03    0.2122846723E+03
       237    0.4060000000E+03    0.4520886401E+03    0.2042963681E+03
       238    0.4430000000E+03    0.4277069835E+03    0.1799086471E+03
       239    0.3970000000E+03    0.4063678656E+03    0.1585642215E+03
       240    0.3850000000E+03    0.4135832668E+03    0.1657814174E+03
       241    0.4250000000E+03    0.4107735682E+03    0.1629710200E+03
       242    0.3960000000E+03    0.4000829450E+03    0.1522777377E+03
       243    0.3800000000E+03    0.4214873426E+03    0.1736874592E+03
       244    0.3630000000E+03    0.4149530826E+03    0.1671515739E+03
       245    0.3980000000E+03    0.3950044545E+03    0.1471979840E+03
       246    0.5050000000E+03    0.4831871214E+03    0.2354025844E+03
       247    0.5360000000E+03    0.5218905266E+03    0.2741156162E+03
       248    0.4840000000E+03    0.4723759810E+03    0.2245887550E+03
       249    0.4950000000E+03    0.4892241977E+03    0.2414411623E+03
       250    0.5510000000E+03    0.4723759810E+03    0.2245887550E+03
       251    0.4770000000E+03    0.4930869498E+03    0.2453048752E+03
       252    0.5300000000E+03    0.5234046317E+03    0.2756300979E+03
       253    0.5160000000E+03    0.4629105237E+03    0.2151209433E+03
       254    0.4450000000E+03    0.4653546812E+03    0.2175657088E+03
       255    0.5510000000E+03    0.5156600046E+03    0.2678835445E+03
       256    0.5100000000E+03    0.4968317087E+03    0.2490505655E+03
       257    0.4430000000E+03    0.4768233287E+03    0.2290372088E+03
       258    0.4490000000E+03    0.4469803448E+03    0.1991868022E+03
       259    0.5020000000E+03    0.4797293800E+03    0.2319439830E+03
       260    0.4510000000E+03    0.4378324568E+03    0.1900366388E+03
       261    0.4590000000E+03    0.4520886401E+03    0.2042963681E+03
       262    0.4970000000E+03    0.4378324568E+03    0.1900366388E+03
       263    0.4510000000E+03    0.4553571227E+03    0.2075656636E+03
       264    0.4970000000E+03    0.4810105458E+03    0.2332254674E+03
       265    0.4610000000E+03    0.4298232237E+03    0.1820254136E+03
       266    0.3990000000E+03    0.4318913570E+03    0.1840940613E+03
       267    0.5020000000E+03    0.4744573998E+03    0.2266706915E+03
       268    0.4900000000E+03    0.4585257649E+03    0.2107350939E+03
       269    0.4240000000E+03    0.4415955971E+03    0.1938007151E+03
       270    0.4110000000E+03    0.4107735682E+03    0.1629710200E+03
       271    0.4480000000E+03    0.4375682334E+03    0.1897723497E+03
       272    0.4040000000E+03    0.4032889326E+03    0.1554845227E+03
       273    0.4110000000E+03    0.4149530826E+03    0.1671515739E+03
       274    0.4380000000E+03    0.4032889326E+03    0.1554845227E+03
       275    0.4100000000E+03    0.4176272956E+03    0.1698264521E+03
       276    0.4500000000E+03    0.4386164599E+03    0.1908208370E+03
       277    0.4100000000E+03    0.3967359236E+03    0.1489298838E+03
       278    0.3830000000E+03    0.3984280327E+03    0.1506224138E+03
       279    0.4600000000E+03    0.4332547950E+03    0.1854578385E+03
       280    0.4420000000E+03    0.4202198210E+03    0.1724196223E+03
       281    0.3990000000E+03    0.4063678656E+03    0.1585642215E+03
       282    0.5630000000E+03    0.5852712625E+03    0.3375121166E+03
       283    0.5300000000E+03    0.5672540883E+03    0.3194904611E+03
       284    0.5700000000E+03    0.5770379999E+03    0.3292768062E+03
       285    0.5780000000E+03    0.5882575079E+03    0.3404991048E+03
       286    0.5370000000E+03    0.5649966912E+03    0.3172325025E+03
       287    0.5690000000E+03    0.5852712625E+03    0.3375121166E+03
       288    0.5760000000E+03    0.5872679255E+03    0.3395092762E+03
       289    0.5490000000E+03    0.5832506860E+03    0.3354910375E+03
       290    0.5220000000E+03    0.5812054668E+03    0.3334453096E+03
       291    0.5700000000E+03    0.5801733785E+03    0.3324129646E+03
       292    0.5100000000E+03    0.5333592334E+03    0.2855871756E+03
       293    0.5100000000E+03    0.5181139321E+03    0.2703380824E+03
       294    0.5170000000E+03    0.5263926267E+03    0.2786188361E+03
       295    0.5400000000E+03    0.5358860564E+03    0.2881146271E+03
       296    0.5180000000E+03    0.5162038269E+03    0.2684275021E+03
       297    0.5230000000E+03    0.5333592334E+03    0.2855871756E+03
       298    0.5370000000E+03    0.5350487175E+03    0.2872770799E+03
       299    0.5360000000E+03    0.5316495149E+03    0.2838770318E+03
       300    0.5030000000E+03    0.5299189447E+03    0.2821460312E+03
       301    0.5400000000E+03    0.5290456392E+03    0.2812725085E+03
       302    0.4900000000E+03    0.4814472044E+03    0.2336622346E+03
       303    0.4770000000E+03    0.4689737761E+03    0.2211857038E+03
       304    0.4830000000E+03    0.4757472534E+03    0.2279608659E+03
       305    0.5030000000E+03    0.4835146051E+03    0.2357301495E+03
       306    0.4710000000E+03    0.4674109627E+03    0.2196225017E+03
       307    0.4760000000E+03    0.4814472044E+03    0.2336622346E+03
       308    0.5020000000E+03    0.4828295095E+03    0.2350448835E+03
       309    0.4960000000E+03    0.4800483437E+03    0.2322630260E+03
       310    0.4710000000E+03    0.4786324227E+03    0.2308467528E+03
       311    0.4970000000E+03    0.4779179000E+03    0.2301320524E+03
       312    0.5910000000E+03    0.5336423594E+03    0.2858703720E+03
       313    0.5900000000E+03    0.5437495471E+03    0.2959800736E+03
       314    0.6060000000E+03    0.5655431696E+03    0.3177791168E+03
       315    0.5840000000E+03    0.5387837334E+03    0.2910130248E+03
       316    0.6040000000E+03    0.5437495471E+03    0.2959800736E+03
       317    0.5910000000E+03    0.5494967349E+03    0.3017286909E+03
       318    0.5880000000E+03    0.5407902841E+03    0.2930200746E+03
       319    0.5880000000E+03    0.5407902841E+03    0.2930200746E+03
       320    0.5500000000E+03    0.5456899728E+03    0.2979209820E+03
       321    0.6090000000E+03    0.5494967349E+03    0.3017286909E+03
       322    0.6040000000E+03    0.5456899728E+03    0.2979209820E+03
       323    0.6190000000E+03    0.5577276812E+03    0.3099616845E+03
       324    0.6430000000E+03    0.5603763960E+03    0.3126110581E+03
       325    0.5690000000E+03    0.5367491168E+03    0.2889779021E+03
       326    0.5510000000E+03    0.4852018024E+03    0.2374177665E+03
       327    0.5430000000E+03    0.4935959076E+03    0.2458139595E+03
       328    0.5430000000E+03    0.5116956956E+03    0.2639182495E+03
       329    0.5240000000E+03    0.4894717571E+03    0.2416887833E+03
       330    0.5710000000E+03    0.4935959076E+03    0.2458139595E+03
       331    0.5420000000E+03    0.4983689957E+03    0.2505882348E+03
       332    0.5310000000E+03    0.4911382145E+03    0.2433556552E+03
       333    0.5310000000E+03    0.4911382145E+03    0.2433556552E+03
       334    0.5120000000E+03    0.4952074475E+03    0.2474259003E+03
       335    0.5630000000E+03    0.4983689957E+03    0.2505882348E+03
       336    0.5500000000E+03    0.4952074475E+03    0.2474259003E+03
       337    0.5830000000E+03    0.5052048664E+03    0.2574258058E+03
       338    0.5830000000E+03    0.5074046464E+03    0.2596261330E+03
       339    0.5500000000E+03    0.4877819907E+03    0.2399985966E+03
       340    0.4820000000E+03    0.4367612455E+03    0.1889651611E+03
       341    0.4820000000E+03    0.4434422679E+03    0.1956478453E+03
       342    0.4900000000E+03    0.4578482218E+03    0.2100573823E+03
       343    0.4760000000E+03    0.4401597809E+03    0.1923645418E+03
       344    0.4830000000E+03    0.4434422679E+03    0.1956478453E+03
       345    0.4800000000E+03    0.4472412564E+03    0.1994477787E+03
       346    0.4910000000E+03    0.4414861449E+03    0.1936912357E+03
       347    0.4710000000E+03    0.4414861449E+03    0.1936912357E+03
       348    0.4690000000E+03    0.4447249222E+03    0.1969308186E+03
       349    0.4900000000E+03    0.4472412564E+03    0.1994477787E+03
       350    0.4830000000E+03    0.4447249222E+03    0.1969308186E+03
       351    0.4980000000E+03    0.4526820515E+03    0.2048899270E+03
       352    0.4910000000E+03    0.4544328969E+03    0.2066412079E+03
       353    0.4630000000E+03    0.4388148648E+03    0.1910192912E+03
       354    0.6000000000E+03    0.5494967349E+03    0.3017286909E+03
       355    0.6150000000E+03    0.5325916173E+03    0.2848193685E+03
       356    0.6070000000E+03    0.5466507760E+03    0.2988820241E+03
       357    0.5960000000E+03    0.5315330626E+03    0.2837605506E+03
       358    0.6180000000E+03    0.5357209727E+03    0.2879495023E+03
       359    0.5850000000E+03    0.5485540611E+03    0.3007857826E+03
       360    0.5510000000E+03    0.4983689957E+03    0.2505882348E+03
       361    0.5560000000E+03    0.4843291522E+03    0.2365448992E+03
       362    0.5500000000E+03    0.4960054026E+03    0.2482240539E+03
       363    0.5370000000E+03    0.4834500136E+03    0.2356655420E+03
       364    0.5430000000E+03    0.4869281084E+03    0.2391445019E+03
       365    0.5430000000E+03    0.4975860971E+03    0.2498051415E+03
       366    0.4710000000E+03    0.4472412564E+03    0.1994477787E+03
       367    0.4760000000E+03    0.4360666871E+03    0.1882704300E+03
       368    0.4820000000E+03    0.4453600293E+03    0.1975660837E+03
       369    0.4770000000E+03    0.4353669647E+03    0.1875705335E+03
       370    0.4910000000E+03    0.4381352441E+03    0.1903395015E+03
       371    0.4790000000E+03    0.4466181331E+03    0.1988245004E+03
       372    0.7810000000E+03    0.8184619775E+03    0.5707608325E+03
       373    0.6980000000E+03    0.8211536159E+03    0.5734531404E+03
       374    0.9060000000E+03    0.8273377198E+03    0.5796387825E+03
       375    0.7400000000E+03    0.7287017004E+03    0.4809782296E+03
       376    0.6780000000E+03    0.7309699351E+03    0.4832470285E+03
       377    0.7700000000E+03    0.7361812585E+03    0.4884596481E+03
       378    0.7940000000E+03    0.7244232817E+03    0.4766987467E+03
       379    0.8550000000E+03    0.6996769068E+03    0.4519462167E+03
       380    0.7680000000E+03    0.7087159705E+03    0.4609875287E+03
       381    0.7450000000E+03    0.6511032497E+03    0.4033604780E+03
       382    0.7070000000E+03    0.6301640093E+03    0.3824160295E+03
       383    0.7180000000E+03    0.6378124479E+03    0.3900663705E+03
       384    0.8740000000E+03    0.8290805713E+03    0.5813820675E+03
       385    0.8290000000E+03    0.8027062623E+03    0.5550011985E+03
       386    0.7000000000E+03    0.8255843213E+03    0.5778849479E+03
       387    0.8060000000E+03    0.7383810098E+03    0.4906599465E+03
       388    0.7200000000E+03    0.7162264402E+03    0.4684998665E+03
       389    0.6880000000E+03    0.7332170691E+03    0.4854947214E+03
       390    0.1034000000E+04    0.9567968761E+03    0.7091301388E+03
       391    0.1139000000E+04    0.9621275560E+03    0.7144621446E+03
       392    0.1002000000E+04    0.9139817742E+03    0.6663043876E+03
       393    0.1056000000E+04    0.9567968761E+03    0.7091301388E+03
       394    0.1124000000E+04    0.9621275560E+03    0.7144621446E+03
       395    0.1082000000E+04    0.9139817742E+03    0.6663043876E+03
       396    0.1054000000E+04    0.9567968761E+03    0.7091301388E+03
       397    0.1190000000E+04    0.9621275560E+03    0.7144621446E+03
       398    0.9350000000E+03    0.9139817742E+03    0.6663043876E+03
       399    0.1037000000E+04    0.9184750490E+03    0.6707987800E+03
       400    0.1110000000E+04    0.9235175840E+03    0.6758425692E+03
       401    0.1035000000E+04    0.8779742768E+03    0.6302879342E+03
       402    0.9270000000E+03    0.9317537906E+03    0.6840808244E+03
       403    0.9760000000E+03    0.9594721989E+03    0.7118061270E+03
       404    0.9860000000E+03    0.9567968761E+03    0.7091301388E+03
       405    0.9560000000E+03    0.9317537906E+03    0.6840808244E+03
       406    0.9460000000E+03    0.9594721989E+03    0.7118061270E+03
       407    0.1089000000E+04    0.9567968761E+03    0.7091301388E+03
       408    0.9600000000E+03    0.9317537906E+03    0.6840808244E+03
       409    0.1033000000E+04    0.9594721989E+03    0.7118061270E+03
       410    0.1080000000E+04    0.9567968761E+03    0.7091301388E+03
       411    0.9240000000E+03    0.8947856438E+03    0.6471034826E+03
       412    0.1009000000E+04    0.9210057596E+03    0.6733301201E+03
       413    0.1053000000E+04    0.9184750490E+03    0.6707987800E+03
       414    0.8540000000E+03    0.1073491794E+04    0.8258540821E+03
       415    0.1086000000E+04    0.1063470795E+04    0.8158305909E+03
       416    0.8890000000E+03    0.1040512455E+04    0.7928665396E+03
       417    0.8840000000E+03    0.1073491794E+04    0.8258540821E+03
       418    0.1057000000E+04    0.1063470795E+04    0.8158305909E+03
       419    0.9000000000E+03    0.1040512455E+04    0.7928665396E+03
       420    0.8760000000E+03    0.1073491794E+04    0.8258540821E+03
       421    0.1068000000E+04    0.1063470795E+04    0.8158305909E+03
       422    0.8380000000E+03    0.1040512455E+04    0.7928665396E+03
       423    0.8730000000E+03    0.1028862134E+04    0.7812133209E+03
       424    0.1120000000E+04    0.1019382810E+04    0.7717316400E+03
       425    0.8980000000E+03    0.9976654609E+03    0.7500088888E+03
       426    0.1074000000E+04    0.1090940216E+04    0.8433068439E+03
       427    0.1006000000E+04    0.1027408074E+04    0.7797588998E+03
       428    0.8580000000E+03    0.1061436803E+04    0.8137960922E+03
       429    0.1144000000E+04    0.1090940216E+04    0.8433068439E+03
       430    0.1028000000E+04    0.1027408074E+04    0.7797588998E+03
       431    0.9480000000E+03    0.1061436803E+04    0.8137960922E+03
       432    0.1080000000E+04    0.1090940216E+04    0.8433068439E+03
       433    0.1030000000E+04    0.1027408074E+04    0.7797588998E+03
       434    0.9570000000E+03    0.1061436803E+04    0.8137960922E+03
       435    0.1104000000E+04    0.1045367397E+04    0.7977226901E+03
       436    0.1008000000E+04    0.9852694255E+03    0.7376097701E+03
       437    0.8820000000E+03    0.1017458763E+04    0.7698071142E+03
