     Index       y_measurement           y_fitting        descriptor_1        descriptor_2
         1    0.2320000000E+03    0.2250586773E+03    0.9654893846E+00    0.7800000000E+01
         2    0.2350000000E+03    0.2674639498E+03    0.1817120593E+01    0.7500000000E+01
         3    0.2350000000E+03    0.2341245808E+03    0.1144714243E+01    0.7800000000E+01
         4    0.2410000000E+03    0.2250586773E+03    0.9654893846E+00    0.7800000000E+01
         5    0.2250000000E+03    0.2223642433E+03    0.9654893846E+00    0.6600000000E+01
         6    0.2450000000E+03    0.2409971669E+03    0.1280579165E+01    0.7800000000E+01
         7    0.2550000000E+03    0.2354717978E+03    0.1144714243E+01    0.8400000000E+01
         8    0.2450000000E+03    0.2257322858E+03    0.9654893846E+00    0.8100000000E+01
         9    0.2750000000E+03    0.2622223395E+03    0.1686865331E+01    0.8100000000E+01
        10    0.2390000000E+03    0.2272794457E+03    0.1062658569E+01    0.6600000000E+01
        11    0.2550000000E+03    0.2279530542E+03    0.1062658569E+01    0.6900000000E+01
        12    0.3970000000E+03    0.4253455701E+03    0.8434326653E+00    0.9975000000E+02
        13    0.4190000000E+03    0.4579910880E+03    0.1488805553E+01    0.9975000000E+02
        14    0.4010000000E+03    0.4251204019E+03    0.9654893846E+00    0.9690000000E+02
        15    0.3940000000E+03    0.4809978443E+03    0.1817120593E+01    0.1026000000E+03
        16    0.4260000000E+03    0.4236363235E+03    0.1062658569E+01    0.9405000000E+02
        17    0.4260000000E+03    0.4853915280E+03    0.1650963624E+01    0.1083000000E+03
        18    0.4540000000E+03    0.4451925265E+03    0.1488805553E+01    0.9405000000E+02
        19    0.4180000000E+03    0.4172370427E+03    0.1062658569E+01    0.9120000000E+02
        20    0.4160000000E+03    0.4730059004E+03    0.1532618865E+01    0.1054500000E+03
        21    0.3950000000E+03    0.4364348850E+03    0.1062658569E+01    0.9975000000E+02
        22    0.4330000000E+03    0.4492334465E+03    0.1062658569E+01    0.1054500000E+03
        23    0.3790000000E+03    0.4488118940E+03    0.1686865331E+01    0.9120000000E+02
        24    0.3820000000E+03    0.3860517410E+03    0.8434326653E+00    0.8225000000E+02
        25    0.3850000000E+03    0.4186972588E+03    0.1488805553E+01    0.8225000000E+02
        26    0.3650000000E+03    0.3869492535E+03    0.9654893846E+00    0.7990000000E+02
        27    0.3790000000E+03    0.4405813343E+03    0.1817120593E+01    0.8460000000E+02
        28    0.3770000000E+03    0.3865878560E+03    0.1062658569E+01    0.7755000000E+02
        29    0.3940000000E+03    0.4427296563E+03    0.1650963624E+01    0.8930000000E+02
        30    0.4250000000E+03    0.4081440589E+03    0.1488805553E+01    0.7755000000E+02
        31    0.3950000000E+03    0.3813112561E+03    0.1062658569E+01    0.7520000000E+02
        32    0.3930000000E+03    0.4314667095E+03    0.1532618865E+01    0.8695000000E+02
        33    0.3750000000E+03    0.3971410558E+03    0.1062658569E+01    0.8225000000E+02
        34    0.3890000000E+03    0.4076942556E+03    0.1062658569E+01    0.8695000000E+02
        35    0.3580000000E+03    0.4128861074E+03    0.1686865331E+01    0.7520000000E+02
        36    0.3440000000E+03    0.3467579118E+03    0.8434326653E+00    0.6475000000E+02
        37    0.3690000000E+03    0.3794034296E+03    0.1488805553E+01    0.6475000000E+02
        38    0.3250000000E+03    0.3487781052E+03    0.9654893846E+00    0.6290000000E+02
        39    0.3380000000E+03    0.4001648243E+03    0.1817120593E+01    0.6660000000E+02
        40    0.3620000000E+03    0.3495393885E+03    0.1062658569E+01    0.6105000000E+02
        41    0.3610000000E+03    0.4000677846E+03    0.1650963624E+01    0.7030000000E+02
        42    0.3850000000E+03    0.3710955914E+03    0.1488805553E+01    0.6105000000E+02
        43    0.3480000000E+03    0.3453854694E+03    0.1062658569E+01    0.5920000000E+02
        44    0.3680000000E+03    0.3899275187E+03    0.1532618865E+01    0.6845000000E+02
        45    0.3410000000E+03    0.3578472266E+03    0.1062658569E+01    0.6475000000E+02
        46    0.3650000000E+03    0.3661550648E+03    0.1062658569E+01    0.6845000000E+02
        47    0.3250000000E+03    0.3769603207E+03    0.1686865331E+01    0.5920000000E+02
        48    0.5130000000E+03    0.5099782382E+03    0.1650963624E+01    0.1192500000E+03
        49    0.4480000000E+03    0.5039918914E+03    0.1532618865E+01    0.1192500000E+03
        50    0.4650000000E+03    0.5152109983E+03    0.1754410643E+01    0.1192500000E+03
        51    0.4460000000E+03    0.4784199302E+03    0.1144714243E+01    0.1166000000E+03
        52    0.4370000000E+03    0.4574536099E+03    0.9654893846E+00    0.1113000000E+03
        53    0.5020000000E+03    0.5218425166E+03    0.1532618865E+01    0.1272000000E+03
        54    0.4650000000E+03    0.5254365791E+03    0.1721300621E+01    0.1245500000E+03
        55    0.4750000000E+03    0.4941877778E+03    0.1574060917E+01    0.1139500000E+03
        56    0.5040000000E+03    0.5255764741E+03    0.1488805553E+01    0.1298500000E+03
        57    0.4860000000E+03    0.5117942888E+03    0.1686865331E+01    0.1192500000E+03
        58    0.4520000000E+03    0.4839250152E+03    0.1488805553E+01    0.1113000000E+03
        59    0.4590000000E+03    0.4594576007E+03    0.1650963624E+01    0.9675000000E+02
        60    0.4150000000E+03    0.4534712539E+03    0.1532618865E+01    0.9675000000E+02
        61    0.4370000000E+03    0.4646903608E+03    0.1754410643E+01    0.9675000000E+02
        62    0.4150000000E+03    0.4290219735E+03    0.1144714243E+01    0.9460000000E+02
        63    0.4010000000E+03    0.4103010149E+03    0.9654893846E+00    0.9030000000E+02
        64    0.4630000000E+03    0.4679538366E+03    0.1532618865E+01    0.1032000000E+03
        65    0.4420000000E+03    0.4726705799E+03    0.1721300621E+01    0.1010500000E+03
        66    0.4380000000E+03    0.4459125019E+03    0.1574060917E+01    0.9245000000E+02
        67    0.4680000000E+03    0.4705651133E+03    0.1488805553E+01    0.1053500000E+03
        68    0.4520000000E+03    0.4612736513E+03    0.1686865331E+01    0.9675000000E+02
        69    0.4220000000E+03    0.4367724202E+03    0.1488805553E+01    0.9030000000E+02
        70    0.4130000000E+03    0.4089369632E+03    0.1650963624E+01    0.7425000000E+02
        71    0.3950000000E+03    0.4029506164E+03    0.1532618865E+01    0.7425000000E+02
        72    0.3980000000E+03    0.4141697233E+03    0.1754410643E+01    0.7425000000E+02
        73    0.3780000000E+03    0.3796240168E+03    0.1144714243E+01    0.7260000000E+02
        74    0.3720000000E+03    0.3631484199E+03    0.9654893846E+00    0.6930000000E+02
        75    0.4150000000E+03    0.4140651566E+03    0.1532618865E+01    0.7920000000E+02
        76    0.3960000000E+03    0.4199045807E+03    0.1721300621E+01    0.7755000000E+02
        77    0.3880000000E+03    0.3976372261E+03    0.1574060917E+01    0.7095000000E+02
        78    0.4150000000E+03    0.4155537524E+03    0.1488805553E+01    0.8085000000E+02
        79    0.3980000000E+03    0.4107530138E+03    0.1686865331E+01    0.7425000000E+02
        80    0.3820000000E+03    0.3896198252E+03    0.1488805553E+01    0.6930000000E+02
        81    0.5230000000E+03    0.5342237602E+03    0.1442249570E+01    0.1347500000E+03
        82    0.5340000000E+03    0.5373815401E+03    0.1613428646E+01    0.1323000000E+03
        83    0.4890000000E+03    0.5124907963E+03    0.1338865900E+01    0.1274000000E+03
        84    0.5000000000E+03    0.5538404042E+03    0.1721300621E+01    0.1372000000E+03
        85    0.4950000000E+03    0.4984320924E+03    0.8434326653E+00    0.1323000000E+03
        86    0.5220000000E+03    0.5518935726E+03    0.1574060917E+01    0.1396500000E+03
        87    0.5310000000E+03    0.5318804040E+03    0.1613428646E+01    0.1298500000E+03
        88    0.5330000000E+03    0.5497972694E+03    0.1532618865E+01    0.1396500000E+03
        89    0.4920000000E+03    0.5463924365E+03    0.1574060917E+01    0.1372000000E+03
        90    0.5050000000E+03    0.5222915890E+03    0.1532618865E+01    0.1274000000E+03
        91    0.5410000000E+03    0.5410962586E+03    0.1686865331E+01    0.1323000000E+03
        92    0.4680000000E+03    0.4724763144E+03    0.1442249570E+01    0.1072500000E+03
        93    0.4590000000E+03    0.4767567750E+03    0.1613428646E+01    0.1053000000E+03
        94    0.4440000000E+03    0.4541113930E+03    0.1338865900E+01    0.1014000000E+03
        95    0.4580000000E+03    0.4909702775E+03    0.1721300621E+01    0.1092000000E+03
        96    0.4450000000E+03    0.4378073274E+03    0.8434326653E+00    0.1053000000E+03
        97    0.4640000000E+03    0.4879007651E+03    0.1574060917E+01    0.1111500000E+03
        98    0.4660000000E+03    0.4723783198E+03    0.1613428646E+01    0.1033500000E+03
        99    0.4860000000E+03    0.4858044619E+03    0.1532618865E+01    0.1111500000E+03
       100    0.4610000000E+03    0.4835223098E+03    0.1574060917E+01    0.1092000000E+03
       101    0.4640000000E+03    0.4639121856E+03    0.1532618865E+01    0.1014000000E+03
       102    0.4750000000E+03    0.4804714936E+03    0.1686865331E+01    0.1053000000E+03
       103    0.4190000000E+03    0.4107288685E+03    0.1442249570E+01    0.7975000000E+02
       104    0.4180000000E+03    0.4161320100E+03    0.1613428646E+01    0.7830000000E+02
       105    0.4020000000E+03    0.3957319896E+03    0.1338865900E+01    0.7540000000E+02
       106    0.3980000000E+03    0.4281001508E+03    0.1721300621E+01    0.8120000000E+02
       107    0.4110000000E+03    0.3771825624E+03    0.8434326653E+00    0.7830000000E+02
       108    0.4280000000E+03    0.4239079576E+03    0.1574060917E+01    0.8265000000E+02
       109    0.4150000000E+03    0.4128762356E+03    0.1613428646E+01    0.7685000000E+02
       110    0.4250000000E+03    0.4218116544E+03    0.1532618865E+01    0.8265000000E+02
       111    0.4120000000E+03    0.4206521831E+03    0.1574060917E+01    0.8120000000E+02
       112    0.4100000000E+03    0.4055327823E+03    0.1532618865E+01    0.7540000000E+02
       113    0.4150000000E+03    0.4198467285E+03    0.1686865331E+01    0.7830000000E+02
       114    0.5820000000E+03    0.5888923863E+03    0.3255415036E+01    0.1182500000E+03
       115    0.5240000000E+03    0.5741670770E+03    0.3086377968E+01    0.1155000000E+03
       116    0.5830000000E+03    0.5713172904E+03    0.3274178649E+01    0.1100000000E+03
       117    0.5690000000E+03    0.5798024823E+03    0.3197784925E+01    0.1155000000E+03
       118    0.5360000000E+03    0.5587660926E+03    0.3148121833E+01    0.1072500000E+03
       119    0.5770000000E+03    0.5812730779E+03    0.3226857292E+01    0.1155000000E+03
       120    0.5650000000E+03    0.5741670770E+03    0.3086377968E+01    0.1155000000E+03
       121    0.5620000000E+03    0.5698894528E+03    0.3245951567E+01    0.1100000000E+03
       122    0.5220000000E+03    0.5406171104E+03    0.3255415036E+01    0.9675000000E+02
       123    0.5040000000E+03    0.5270144820E+03    0.3086377968E+01    0.9450000000E+02
       124    0.5160000000E+03    0.5264100571E+03    0.3274178649E+01    0.9000000000E+02
       125    0.5170000000E+03    0.5326498873E+03    0.3197784925E+01    0.9450000000E+02
       126    0.5110000000E+03    0.5149815401E+03    0.3148121833E+01    0.8775000000E+02
       127    0.5180000000E+03    0.5341204829E+03    0.3226857292E+01    0.9450000000E+02
       128    0.5240000000E+03    0.5270144820E+03    0.3086377968E+01    0.9450000000E+02
       129    0.5030000000E+03    0.5249822194E+03    0.3245951567E+01    0.9000000000E+02
       130    0.4830000000E+03    0.4923418346E+03    0.3255415036E+01    0.7525000000E+02
       131    0.4570000000E+03    0.4798618870E+03    0.3086377968E+01    0.7350000000E+02
       132    0.4820000000E+03    0.4815028237E+03    0.3274178649E+01    0.7000000000E+02
       133    0.4700000000E+03    0.4854972923E+03    0.3197784925E+01    0.7350000000E+02
       134    0.4590000000E+03    0.4711969876E+03    0.3148121833E+01    0.6825000000E+02
       135    0.4900000000E+03    0.4869678878E+03    0.3226857292E+01    0.7350000000E+02
       136    0.4850000000E+03    0.4798618870E+03    0.3086377968E+01    0.7350000000E+02
       137    0.4830000000E+03    0.4800749861E+03    0.3245951567E+01    0.7000000000E+02
       138    0.5870000000E+03    0.5412561822E+03    0.3168174105E+01    0.9900000000E+02
       139    0.5710000000E+03    0.5345758861E+03    0.3158179799E+01    0.9625000000E+02
       140    0.5780000000E+03    0.5412561822E+03    0.3168174105E+01    0.9900000000E+02
       141    0.5260000000E+03    0.5402418589E+03    0.3148121833E+01    0.9900000000E+02
       142    0.5350000000E+03    0.5323594778E+03    0.3236432592E+01    0.9350000000E+02
       143    0.5720000000E+03    0.5392144465E+03    0.3127810804E+01    0.9900000000E+02
       144    0.5620000000E+03    0.5508837116E+03    0.3236432592E+01    0.1017500000E+03
       145    0.5630000000E+03    0.5355838197E+03    0.3178105751E+01    0.9625000000E+02
       146    0.5830000000E+03    0.5360830812E+03    0.3187975708E+01    0.9625000000E+02
       147    0.5850000000E+03    0.5212055815E+03    0.3137999185E+01    0.9075000000E+02
       148    0.5920000000E+03    0.5325209538E+03    0.3117555613E+01    0.9625000000E+02
       149    0.5730000000E+03    0.5508837116E+03    0.3236432592E+01    0.1017500000E+03
       150    0.5360000000E+03    0.5575399636E+03    0.3245951567E+01    0.1045000000E+03
       151    0.5570000000E+03    0.5337956177E+03    0.3264823802E+01    0.9350000000E+02
       152    0.5520000000E+03    0.5008396722E+03    0.3168174105E+01    0.8100000000E+02
       153    0.5190000000E+03    0.4952820569E+03    0.3158179799E+01    0.7875000000E+02
       154    0.5240000000E+03    0.5008396722E+03    0.3168174105E+01    0.8100000000E+02
       155    0.5080000000E+03    0.4998253489E+03    0.3148121833E+01    0.8100000000E+02
       156    0.4900000000E+03    0.4941883295E+03    0.3236432592E+01    0.7650000000E+02
       157    0.5500000000E+03    0.4987979365E+03    0.3127810804E+01    0.8100000000E+02
       158    0.5150000000E+03    0.5093445207E+03    0.3236432592E+01    0.8325000000E+02
       159    0.5300000000E+03    0.4962899905E+03    0.3178105751E+01    0.7875000000E+02
       160    0.5460000000E+03    0.4967892520E+03    0.3187975708E+01    0.7875000000E+02
       161    0.5350000000E+03    0.4841571140E+03    0.3137999185E+01    0.7425000000E+02
       162    0.5500000000E+03    0.4932271246E+03    0.3117555613E+01    0.7875000000E+02
       163    0.5420000000E+03    0.5093445207E+03    0.3236432592E+01    0.8325000000E+02
       164    0.5920000000E+03    0.5148780919E+03    0.3245951567E+01    0.8550000000E+02
       165    0.5240000000E+03    0.4956244694E+03    0.3264823802E+01    0.7650000000E+02
       166    0.4970000000E+03    0.4604231622E+03    0.3168174105E+01    0.6300000000E+02
       167    0.4910000000E+03    0.4559882277E+03    0.3158179799E+01    0.6125000000E+02
       168    0.4630000000E+03    0.4604231622E+03    0.3168174105E+01    0.6300000000E+02
       169    0.4640000000E+03    0.4594088388E+03    0.3148121833E+01    0.6300000000E+02
       170    0.4590000000E+03    0.4560171811E+03    0.3236432592E+01    0.5950000000E+02
       171    0.4890000000E+03    0.4583814265E+03    0.3127810804E+01    0.6300000000E+02
       172    0.4770000000E+03    0.4678053299E+03    0.3236432592E+01    0.6475000000E+02
       173    0.4690000000E+03    0.4569961613E+03    0.3178105751E+01    0.6125000000E+02
       174    0.4960000000E+03    0.4574954228E+03    0.3187975708E+01    0.6125000000E+02
       175    0.4670000000E+03    0.4471086464E+03    0.3137999185E+01    0.5775000000E+02
       176    0.5110000000E+03    0.4539332954E+03    0.3117555613E+01    0.6125000000E+02
       177    0.4900000000E+03    0.4678053299E+03    0.3236432592E+01    0.6475000000E+02
       178    0.5230000000E+03    0.4722162203E+03    0.3245951567E+01    0.6650000000E+02
       179    0.4760000000E+03    0.4574533210E+03    0.3264823802E+01    0.5950000000E+02
       180    0.6100000000E+03    0.5741209013E+03    0.3207534330E+01    0.1127500000E+03
       181    0.5810000000E+03    0.5597804160E+03    0.3168174105E+01    0.1072500000E+03
       182    0.6250000000E+03    0.5859772269E+03    0.3197784925E+01    0.1182500000E+03
       183    0.5620000000E+03    0.5644287936E+03    0.3137999185E+01    0.1100000000E+03
       184    0.6350000000E+03    0.5716243536E+03    0.3158179799E+01    0.1127500000E+03
       185    0.5660000000E+03    0.5711155818E+03    0.3148121833E+01    0.1127500000E+03
       186    0.6380000000E+03    0.5651425458E+03    0.3274178649E+01    0.1072500000E+03
       187    0.6060000000E+03    0.5453891911E+03    0.3127810804E+01    0.1017500000E+03
       188    0.5820000000E+03    0.5859932201E+03    0.3320170311E+01    0.1155000000E+03
       189    0.6340000000E+03    0.5807858295E+03    0.3217224825E+01    0.1155000000E+03
       190    0.5850000000E+03    0.5698894528E+03    0.3245951567E+01    0.1100000000E+03
       191    0.6030000000E+03    0.5694079453E+03    0.3236432592E+01    0.1100000000E+03
       192    0.6250000000E+03    0.5618175879E+03    0.3086377968E+01    0.1100000000E+03
       193    0.6310000000E+03    0.5727209246E+03    0.3301927249E+01    0.1100000000E+03
       194    0.6250000000E+03    0.5911565209E+03    0.3178105751E+01    0.1210000000E+03
       195    0.5510000000E+03    0.5280909871E+03    0.3207534330E+01    0.9225000000E+02
       196    0.5390000000E+03    0.5159958635E+03    0.3168174105E+01    0.8775000000E+02
       197    0.5640000000E+03    0.5377019511E+03    0.3197784925E+01    0.9675000000E+02
       198    0.5500000000E+03    0.5195215602E+03    0.3137999185E+01    0.9000000000E+02
       199    0.5900000000E+03    0.5255944394E+03    0.3158179799E+01    0.9225000000E+02
       200    0.5270000000E+03    0.5250856676E+03    0.3148121833E+01    0.9225000000E+02
       201    0.5570000000E+03    0.5213579933E+03    0.3274178649E+01    0.8775000000E+02
       202    0.5510000000E+03    0.5038500003E+03    0.3127810804E+01    0.8325000000E+02
       203    0.5830000000E+03    0.5388406251E+03    0.3320170311E+01    0.9450000000E+02
       204    0.5700000000E+03    0.5336332345E+03    0.3217224825E+01    0.9450000000E+02
       205    0.5430000000E+03    0.5249822194E+03    0.3245951567E+01    0.9000000000E+02
       206    0.5430000000E+03    0.5245007120E+03    0.3236432592E+01    0.9000000000E+02
       207    0.5630000000E+03    0.5169103545E+03    0.3086377968E+01    0.9000000000E+02
       208    0.5770000000E+03    0.5278136912E+03    0.3301927249E+01    0.9000000000E+02
       209    0.5780000000E+03    0.5417585642E+03    0.3178105751E+01    0.9900000000E+02
       210    0.4900000000E+03    0.4820610729E+03    0.3207534330E+01    0.7175000000E+02
       211    0.4960000000E+03    0.4722113110E+03    0.3168174105E+01    0.6825000000E+02
       212    0.5110000000E+03    0.4894266752E+03    0.3197784925E+01    0.7525000000E+02
       213    0.4940000000E+03    0.4746143269E+03    0.3137999185E+01    0.7000000000E+02
       214    0.5170000000E+03    0.4795645252E+03    0.3158179799E+01    0.7175000000E+02
       215    0.4800000000E+03    0.4790557534E+03    0.3148121833E+01    0.7175000000E+02
       216    0.5020000000E+03    0.4775734408E+03    0.3274178649E+01    0.6825000000E+02
       217    0.5040000000E+03    0.4623108094E+03    0.3127810804E+01    0.6475000000E+02
       218    0.5050000000E+03    0.4916880301E+03    0.3320170311E+01    0.7350000000E+02
       219    0.5020000000E+03    0.4864806395E+03    0.3217224825E+01    0.7350000000E+02
       220    0.4960000000E+03    0.4800749861E+03    0.3245951567E+01    0.7000000000E+02
       221    0.5010000000E+03    0.4795934786E+03    0.3236432592E+01    0.7000000000E+02
       222    0.5170000000E+03    0.4720031212E+03    0.3086377968E+01    0.7000000000E+02
       223    0.5230000000E+03    0.4829064579E+03    0.3301927249E+01    0.7000000000E+02
       224    0.5160000000E+03    0.4923606076E+03    0.3178105751E+01    0.7700000000E+02
       225    0.4860000000E+03    0.4795097478E+03    0.1754410643E+01    0.1033500000E+03
       226    0.4270000000E+03    0.4701428299E+03    0.1686865331E+01    0.1007000000E+03
       227    0.5100000000E+03    0.4802271961E+03    0.1650963624E+01    0.1060000000E+03
       228    0.4510000000E+03    0.4802271961E+03    0.1650963624E+01    0.1060000000E+03
       229    0.4250000000E+03    0.5029828566E+03    0.1983192483E+01    0.1086500000E+03
       230    0.4320000000E+03    0.4811151454E+03    0.1903778262E+01    0.1007000000E+03
       231    0.4820000000E+03    0.4546190965E+03    0.1144714243E+01    0.1060000000E+03
       232    0.4350000000E+03    0.4357251953E+03    0.1754410643E+01    0.8385000000E+02
       233    0.4060000000E+03    0.4274809582E+03    0.1686865331E+01    0.8170000000E+02
       234    0.4700000000E+03    0.4353199628E+03    0.1650963624E+01    0.8600000000E+02
       235    0.4380000000E+03    0.4353199628E+03    0.1650963624E+01    0.8600000000E+02
       236    0.4040000000E+03    0.4569529424E+03    0.1983192483E+01    0.8815000000E+02
       237    0.4060000000E+03    0.4384532737E+03    0.1903778262E+01    0.8170000000E+02
       238    0.4430000000E+03    0.4097118632E+03    0.1144714243E+01    0.8600000000E+02
       239    0.3970000000E+03    0.3919406428E+03    0.1754410643E+01    0.6435000000E+02
       240    0.3850000000E+03    0.3848190865E+03    0.1686865331E+01    0.6270000000E+02
       241    0.4250000000E+03    0.3904127294E+03    0.1650963624E+01    0.6600000000E+02
       242    0.3960000000E+03    0.3904127294E+03    0.1650963624E+01    0.6600000000E+02
       243    0.3800000000E+03    0.4109230283E+03    0.1983192483E+01    0.6765000000E+02
       244    0.3630000000E+03    0.3957914021E+03    0.1903778262E+01    0.6270000000E+02
       245    0.3980000000E+03    0.3648046298E+03    0.1144714243E+01    0.6600000000E+02
       246    0.5050000000E+03    0.4989742718E+03    0.1786315988E+01    0.1113000000E+03
       247    0.5360000000E+03    0.5242671246E+03    0.2168702885E+01    0.1139500000E+03
       248    0.4840000000E+03    0.4921276130E+03    0.1650963624E+01    0.1113000000E+03
       249    0.4950000000E+03    0.5049159791E+03    0.1903778262E+01    0.1113000000E+03
       250    0.5510000000E+03    0.4902289451E+03    0.1613428646E+01    0.1113000000E+03
       251    0.4770000000E+03    0.5117942888E+03    0.1686865331E+01    0.1192500000E+03
       252    0.5300000000E+03    0.5123667078E+03    0.2168702885E+01    0.1086500000E+03
       253    0.5160000000E+03    0.4582472897E+03    0.1216440399E+01    0.1060000000E+03
       254    0.4450000000E+03    0.4779748068E+03    0.1488805553E+01    0.1086500000E+03
       255    0.5510000000E+03    0.5442279112E+03    0.2210418899E+01    0.1219000000E+03
       256    0.5100000000E+03    0.5079898058E+03    0.1846914750E+01    0.1139500000E+03
       257    0.4430000000E+03    0.4897353286E+03    0.1721300621E+01    0.1086500000E+03
       258    0.4490000000E+03    0.4518216768E+03    0.1786315988E+01    0.9030000000E+02
       259    0.5020000000E+03    0.4759918488E+03    0.2168702885E+01    0.9245000000E+02
       260    0.4510000000E+03    0.4449750180E+03    0.1650963624E+01    0.9030000000E+02
       261    0.4590000000E+03    0.4577633841E+03    0.1903778262E+01    0.9030000000E+02
       262    0.4970000000E+03    0.4430763500E+03    0.1613428646E+01    0.9030000000E+02
       263    0.4510000000E+03    0.4612736513E+03    0.1686865331E+01    0.9675000000E+02
       264    0.4970000000E+03    0.4663367936E+03    0.2168702885E+01    0.8815000000E+02
       265    0.4610000000E+03    0.4133400564E+03    0.1216440399E+01    0.8600000000E+02
       266    0.3990000000E+03    0.4319448926E+03    0.1488805553E+01    0.8815000000E+02
       267    0.5020000000E+03    0.4925845928E+03    0.2210418899E+01    0.9890000000E+02
       268    0.4900000000E+03    0.4597145299E+03    0.1846914750E+01    0.9245000000E+02
       269    0.4240000000E+03    0.4437054144E+03    0.1721300621E+01    0.8815000000E+02
       270    0.4110000000E+03    0.4046690818E+03    0.1786315988E+01    0.6930000000E+02
       271    0.4480000000E+03    0.4277165730E+03    0.2168702885E+01    0.7095000000E+02
       272    0.4040000000E+03    0.3978224229E+03    0.1650963624E+01    0.6930000000E+02
       273    0.4110000000E+03    0.4106107891E+03    0.1903778262E+01    0.6930000000E+02
       274    0.4380000000E+03    0.3959237550E+03    0.1613428646E+01    0.6930000000E+02
       275    0.4100000000E+03    0.4107530138E+03    0.1686865331E+01    0.7425000000E+02
       276    0.4500000000E+03    0.4203068795E+03    0.2168702885E+01    0.6765000000E+02
       277    0.4100000000E+03    0.3684328230E+03    0.1216440399E+01    0.6600000000E+02
       278    0.3830000000E+03    0.3859149784E+03    0.1488805553E+01    0.6765000000E+02
       279    0.4600000000E+03    0.4409412745E+03    0.2210418899E+01    0.7590000000E+02
       280    0.4420000000E+03    0.4114392541E+03    0.1846914750E+01    0.7095000000E+02
       281    0.3990000000E+03    0.3976755002E+03    0.1721300621E+01    0.6765000000E+02
       282    0.5630000000E+03    0.5872974812E+03    0.4708690726E+01    0.8480000000E+02
       283    0.5300000000E+03    0.5845276460E+03    0.4653933543E+01    0.8480000000E+02
       284    0.5700000000E+03    0.5852262091E+03    0.4667743516E+01    0.8480000000E+02
       285    0.5780000000E+03    0.6094062967E+03    0.4792871363E+01    0.9275000000E+02
       286    0.5370000000E+03    0.5781094157E+03    0.4644681166E+01    0.8215000000E+02
       287    0.5690000000E+03    0.5932476897E+03    0.4708690726E+01    0.8745000000E+02
       288    0.5760000000E+03    0.5648577299E+03    0.4735598114E+01    0.7420000000E+02
       289    0.5490000000E+03    0.5989695333E+03    0.4704176158E+01    0.9010000000E+02
       290    0.5220000000E+03    0.5760795444E+03    0.4722182750E+01    0.7950000000E+02
       291    0.5700000000E+03    0.5863813790E+03    0.4690580198E+01    0.8480000000E+02
       292    0.5100000000E+03    0.5513716946E+03    0.4708690726E+01    0.6880000000E+02
       293    0.5100000000E+03    0.5486018593E+03    0.4653933543E+01    0.6880000000E+02
       294    0.5170000000E+03    0.5493004224E+03    0.4667743516E+01    0.6880000000E+02
       295    0.5400000000E+03    0.5701124675E+03    0.4792871363E+01    0.7525000000E+02
       296    0.5180000000E+03    0.5433063098E+03    0.4644681166E+01    0.6665000000E+02
       297    0.5230000000E+03    0.5561992222E+03    0.4708690726E+01    0.7095000000E+02
       298    0.5370000000E+03    0.5334226665E+03    0.4735598114E+01    0.6020000000E+02
       299    0.5360000000E+03    0.5607983850E+03    0.4704176158E+01    0.7310000000E+02
       300    0.5030000000E+03    0.5423991194E+03    0.4722182750E+01    0.6450000000E+02
       301    0.5400000000E+03    0.5504555923E+03    0.4690580198E+01    0.6880000000E+02
       302    0.4900000000E+03    0.5154459079E+03    0.4708690726E+01    0.5280000000E+02
       303    0.4770000000E+03    0.5126760726E+03    0.4653933543E+01    0.5280000000E+02
       304    0.4830000000E+03    0.5133746358E+03    0.4667743516E+01    0.5280000000E+02
       305    0.5030000000E+03    0.5308186383E+03    0.4792871363E+01    0.5775000000E+02
       306    0.4710000000E+03    0.5085032040E+03    0.4644681166E+01    0.5115000000E+02
       307    0.4760000000E+03    0.5191507546E+03    0.4708690726E+01    0.5445000000E+02
       308    0.5020000000E+03    0.5019876032E+03    0.4735598114E+01    0.4620000000E+02
       309    0.4960000000E+03    0.5226272367E+03    0.4704176158E+01    0.5610000000E+02
       310    0.4710000000E+03    0.5087186944E+03    0.4722182750E+01    0.4950000000E+02
       311    0.4970000000E+03    0.5145298056E+03    0.4690580198E+01    0.5280000000E+02
       312    0.5910000000E+03    0.5746390563E+03    0.4154381592E+01    0.9165000000E+02
       313    0.5900000000E+03    0.5858985801E+03    0.4272658682E+01    0.9400000000E+02
       314    0.6060000000E+03    0.5933940669E+03    0.4420837798E+01    0.9400000000E+02
       315    0.5840000000E+03    0.5784398696E+03    0.4125206601E+01    0.9400000000E+02
       316    0.6040000000E+03    0.5739509672E+03    0.4245092374E+01    0.8930000000E+02
       317    0.5910000000E+03    0.5816596786E+03    0.4188859364E+01    0.9400000000E+02
       318    0.5880000000E+03    0.5913444707E+03    0.4171691715E+01    0.9870000000E+02
       319    0.5880000000E+03    0.5690689573E+03    0.4148579375E+01    0.8930000000E+02
       320    0.5500000000E+03    0.5906195786E+03    0.4261674935E+01    0.9635000000E+02
       321    0.6090000000E+03    0.5800663787E+03    0.4261674935E+01    0.9165000000E+02
       322    0.6040000000E+03    0.5722533974E+03    0.4211532928E+01    0.8930000000E+02
       323    0.6190000000E+03    0.6007972205E+03    0.4358564182E+01    0.9870000000E+02
       324    0.6430000000E+03    0.5749454843E+03    0.4369066787E+01    0.8695000000E+02
       325    0.5690000000E+03    0.5930738305E+03    0.4101565930E+01    0.1010500000E+03
       326    0.5510000000E+03    0.5308545038E+03    0.4154381592E+01    0.7215000000E+02
       327    0.5430000000E+03    0.5409913468E+03    0.4272658682E+01    0.7400000000E+02
       328    0.5430000000E+03    0.5484868336E+03    0.4420837798E+01    0.7400000000E+02
       329    0.5240000000E+03    0.5335326363E+03    0.4125206601E+01    0.7400000000E+02
       330    0.5710000000E+03    0.5312890955E+03    0.4245092374E+01    0.7030000000E+02
       331    0.5420000000E+03    0.5367524452E+03    0.4188859364E+01    0.7400000000E+02
       332    0.5310000000E+03    0.5441918757E+03    0.4171691715E+01    0.7770000000E+02
       333    0.5310000000E+03    0.5264070856E+03    0.4148579375E+01    0.7030000000E+02
       334    0.5120000000E+03    0.5445896644E+03    0.4261674935E+01    0.7585000000E+02
       335    0.5630000000E+03    0.5362818262E+03    0.4261674935E+01    0.7215000000E+02
       336    0.5500000000E+03    0.5295915258E+03    0.4211532928E+01    0.7030000000E+02
       337    0.5830000000E+03    0.5536446255E+03    0.4358564182E+01    0.7770000000E+02
       338    0.5830000000E+03    0.5334062935E+03    0.4369066787E+01    0.6845000000E+02
       339    0.5500000000E+03    0.5447985547E+03    0.4101565930E+01    0.7955000000E+02
       340    0.4820000000E+03    0.4870699513E+03    0.4154381592E+01    0.5265000000E+02
       341    0.4820000000E+03    0.4960841134E+03    0.4272658682E+01    0.5400000000E+02
       342    0.4900000000E+03    0.5035796002E+03    0.4420837798E+01    0.5400000000E+02
       343    0.4760000000E+03    0.4886254029E+03    0.4125206601E+01    0.5400000000E+02
       344    0.4830000000E+03    0.4886272238E+03    0.4245092374E+01    0.5130000000E+02
       345    0.4800000000E+03    0.4918452119E+03    0.4188859364E+01    0.5400000000E+02
       346    0.4910000000E+03    0.4970392807E+03    0.4171691715E+01    0.5670000000E+02
       347    0.4710000000E+03    0.4837452139E+03    0.4148579375E+01    0.5130000000E+02
       348    0.4690000000E+03    0.4985597502E+03    0.4261674935E+01    0.5535000000E+02
       349    0.4900000000E+03    0.4924972737E+03    0.4261674935E+01    0.5265000000E+02
       350    0.4830000000E+03    0.4869296541E+03    0.4211532928E+01    0.5130000000E+02
       351    0.4980000000E+03    0.5064920305E+03    0.4358564182E+01    0.5670000000E+02
       352    0.4910000000E+03    0.4918671026E+03    0.4369066787E+01    0.4995000000E+02
       353    0.4630000000E+03    0.4965232789E+03    0.4101565930E+01    0.5805000000E+02
       354    0.6000000000E+03    0.6214403664E+03    0.4245092374E+01    0.1104500000E+03
       355    0.6150000000E+03    0.6165583565E+03    0.4148579375E+01    0.1104500000E+03
       356    0.6070000000E+03    0.6050476975E+03    0.4233964951E+01    0.1034000000E+03
       357    0.5960000000E+03    0.6060051567E+03    0.4148579375E+01    0.1057500000E+03
       358    0.6180000000E+03    0.6221284556E+03    0.4154381592E+01    0.1128000000E+03
       359    0.5850000000E+03    0.6325535000E+03    0.4256161766E+01    0.1151500000E+03
       360    0.5510000000E+03    0.5686743673E+03    0.4245092374E+01    0.8695000000E+02
       361    0.5560000000E+03    0.5637923574E+03    0.4148579375E+01    0.8695000000E+02
       362    0.5500000000E+03    0.5556497409E+03    0.4233964951E+01    0.8140000000E+02
       363    0.5370000000E+03    0.5554845192E+03    0.4148579375E+01    0.8325000000E+02
       364    0.5430000000E+03    0.5682397756E+03    0.4154381592E+01    0.8880000000E+02
       365    0.5430000000E+03    0.5775421391E+03    0.4256161766E+01    0.9065000000E+02
       366    0.4710000000E+03    0.5159083681E+03    0.4245092374E+01    0.6345000000E+02
       367    0.4760000000E+03    0.5110263582E+03    0.4148579375E+01    0.6345000000E+02
       368    0.4820000000E+03    0.5062517842E+03    0.4233964951E+01    0.5940000000E+02
       369    0.4770000000E+03    0.5049638817E+03    0.4148579375E+01    0.6075000000E+02
       370    0.4910000000E+03    0.5143510956E+03    0.4154381592E+01    0.6480000000E+02
       371    0.4790000000E+03    0.5225307783E+03    0.4256161766E+01    0.6615000000E+02
       372    0.7810000000E+03    0.7693022824E+03    0.1817120593E+01    0.2310000000E+03
       373    0.6980000000E+03    0.7540688127E+03    0.1686865331E+01    0.2271500000E+03
       374    0.9060000000E+03    0.7935367272E+03    0.2125317138E+01    0.2348500000E+03
       375    0.7400000000E+03    0.6749970924E+03    0.1817120593E+01    0.1890000000E+03
       376    0.6780000000E+03    0.6613353758E+03    0.1686865331E+01    0.1858500000E+03
       377    0.7700000000E+03    0.6976597840E+03    0.2125317138E+01    0.1921500000E+03
       378    0.7940000000E+03    0.8542380864E+03    0.3054557372E+01    0.2409500000E+03
       379    0.8550000000E+03    0.8657666069E+03    0.2931794418E+01    0.2488500000E+03
       380    0.7680000000E+03    0.8545050458E+03    0.2884499141E+01    0.2449000000E+03
       381    0.7450000000E+03    0.7583611432E+03    0.3054557372E+01    0.1982500000E+03
       382    0.7070000000E+03    0.7667461574E+03    0.2931794418E+01    0.2047500000E+03
       383    0.7180000000E+03    0.7570563494E+03    0.2884499141E+01    0.2015000000E+03
       384    0.8740000000E+03    0.7603085032E+03    0.2835599878E+01    0.2040500000E+03
       385    0.8290000000E+03    0.7544070873E+03    0.2718934127E+01    0.2040500000E+03
       386    0.7000000000E+03    0.7633874618E+03    0.2896468154E+01    0.2040500000E+03
       387    0.8060000000E+03    0.6840784746E+03    0.2835599878E+01    0.1701000000E+03
       388    0.7200000000E+03    0.6717850442E+03    0.2732394416E+01    0.1669500000E+03
       389    0.6880000000E+03    0.6794791038E+03    0.2884499141E+01    0.1669500000E+03
       390    0.1034000000E+04    0.1094055470E+04    0.1233872826E+02    0.1386000000E+03
       391    0.1139000000E+04    0.1126505731E+04    0.1239430887E+02    0.1518000000E+03
       392    0.1002000000E+04    0.1023270373E+04    0.1211123424E+02    0.1122000000E+03
       393    0.1056000000E+04    0.1094055470E+04    0.1233872826E+02    0.1386000000E+03
       394    0.1124000000E+04    0.1126505731E+04    0.1239430887E+02    0.1518000000E+03
       395    0.1082000000E+04    0.1023270373E+04    0.1211123424E+02    0.1122000000E+03
       396    0.1054000000E+04    0.1094055470E+04    0.1233872826E+02    0.1386000000E+03
       397    0.1190000000E+04    0.1126505731E+04    0.1239430887E+02    0.1518000000E+03
       398    0.9350000000E+03    0.1023270373E+04    0.1211123424E+02    0.1122000000E+03
       399    0.1037000000E+04    0.1075194432E+04    0.1233872826E+02    0.1302000000E+03
       400    0.1110000000E+04    0.1105848404E+04    0.1239430887E+02    0.1426000000E+03
       401    0.1035000000E+04    0.1008001914E+04    0.1211123424E+02    0.1054000000E+03
       402    0.9270000000E+03    0.9432148466E+03    0.9362238466E+01    0.1384762000E+03
       403    0.9760000000E+03    0.1007834504E+04    0.9717692724E+01    0.1592476300E+03
       404    0.9860000000E+03    0.9512375952E+03    0.1013552039E+02    0.1246285800E+03
       405    0.9560000000E+03    0.9514523509E+03    0.9408468338E+01    0.1411034000E+03
       406    0.9460000000E+03    0.1017045646E+04    0.9765677797E+01    0.1622689100E+03
       407    0.1089000000E+04    0.9590783477E+03    0.1018556866E+02    0.1269930600E+03
       408    0.9600000000E+03    0.9563428816E+03    0.9435761205E+01    0.1426666000E+03
       409    0.1033000000E+04    0.1022515085E+04    0.9794006887E+01    0.1640665900E+03
       410    0.1080000000E+04    0.9637319136E+03    0.1021511580E+02    0.1283999400E+03
       411    0.9240000000E+03    0.9334894576E+03    0.9408468338E+01    0.1331034000E+03
       412    0.1009000000E+04    0.9963883182E+03    0.9765677797E+01    0.1530689100E+03
       413    0.1053000000E+04    0.9429117437E+03    0.1018556866E+02    0.1197930600E+03
       414    0.8540000000E+03    0.1005143000E+04    0.1015671420E+02    0.1481585700E+03
       415    0.1086000000E+04    0.1038285389E+04    0.1018556866E+02    0.1622689100E+03
       416    0.8890000000E+03    0.9690309380E+03    0.1006915196E+02    0.1340482300E+03
       417    0.8840000000E+03    0.1005338509E+04    0.1015782935E+02    0.1482205200E+03
       418    0.1057000000E+04    0.1038494306E+04    0.1018668698E+02    0.1623367600E+03
       419    0.9000000000E+03    0.9692127132E+03    0.1007025750E+02    0.1341042800E+03
       420    0.8760000000E+03    0.1005338509E+04    0.1015782935E+02    0.1482205200E+03
       421    0.1068000000E+04    0.1038494306E+04    0.1018668698E+02    0.1623367600E+03
       422    0.8380000000E+03    0.9692127132E+03    0.1007025750E+02    0.1341042800E+03
       423    0.8730000000E+03    0.9864774705E+03    0.1015782935E+02    0.1398205200E+03
       424    0.1120000000E+04    0.1017836979E+04    0.1018668698E+02    0.1531367600E+03
       425    0.8980000000E+03    0.9521479645E+03    0.1007025750E+02    0.1265042800E+03
       426    0.1074000000E+04    0.1004635081E+04    0.1027447290E+02    0.1452794700E+03
       427    0.1006000000E+04    0.9583879363E+03    0.9360207941E+01    0.1452794700E+03
       428    0.8580000000E+03    0.9465131385E+03    0.1004670833E+02    0.1245252600E+03
       429    0.1144000000E+04    0.1013975807E+04    0.1032858106E+02    0.1482205200E+03
       430    0.1028000000E+04    0.9674851123E+03    0.9409501333E+01    0.1482205200E+03
       431    0.9480000000E+03    0.9548498019E+03    0.1009961702E+02    0.1270461600E+03
       432    0.1080000000E+04    0.1013975807E+04    0.1032858106E+02    0.1482205200E+03
       433    0.1030000000E+04    0.9674851123E+03    0.9409501333E+01    0.1482205200E+03
       434    0.9570000000E+03    0.9548498019E+03    0.1009961702E+02    0.1270461600E+03
       435    0.1104000000E+04    0.9951147686E+03    0.1032858106E+02    0.1398205200E+03
       436    0.1008000000E+04    0.9486240743E+03    0.9409501333E+01    0.1398205200E+03
       437    0.8820000000E+03    0.9386831979E+03    0.1009961702E+02    0.1198461600E+03
