     Index       y_measurement           y_fitting        descriptor_1
         1    0.2320000000E+03    0.2435336130E+03    0.0000000000E+00
         2    0.2350000000E+03    0.2435336130E+03    0.0000000000E+00
         3    0.2350000000E+03    0.2435336130E+03    0.0000000000E+00
         4    0.2410000000E+03    0.2435336130E+03    0.0000000000E+00
         5    0.2250000000E+03    0.2435336130E+03    0.0000000000E+00
         6    0.2450000000E+03    0.2435336130E+03    0.0000000000E+00
         7    0.2550000000E+03    0.2435336130E+03    0.0000000000E+00
         8    0.2450000000E+03    0.2435336130E+03    0.0000000000E+00
         9    0.2750000000E+03    0.2435336130E+03    0.0000000000E+00
        10    0.2390000000E+03    0.2435336130E+03    0.0000000000E+00
        11    0.2550000000E+03    0.2435336130E+03    0.0000000000E+00
        12    0.3970000000E+03    0.5059059459E+03    0.6615000000E+04
        13    0.4190000000E+03    0.5059059459E+03    0.6615000000E+04
        14    0.4010000000E+03    0.4984095935E+03    0.6426000000E+04
        15    0.3940000000E+03    0.5134022982E+03    0.6804000000E+04
        16    0.4260000000E+03    0.4909132411E+03    0.6237000000E+04
        17    0.4260000000E+03    0.5283950030E+03    0.7182000000E+04
        18    0.4540000000E+03    0.4909132411E+03    0.6237000000E+04
        19    0.4180000000E+03    0.4834168888E+03    0.6048000000E+04
        20    0.4160000000E+03    0.5208986506E+03    0.6993000000E+04
        21    0.3950000000E+03    0.5059059459E+03    0.6615000000E+04
        22    0.4330000000E+03    0.5208986506E+03    0.6993000000E+04
        23    0.3790000000E+03    0.4834168888E+03    0.6048000000E+04
        24    0.3820000000E+03    0.4642595438E+03    0.5565000000E+04
        25    0.3850000000E+03    0.4642595438E+03    0.5565000000E+04
        26    0.3650000000E+03    0.4579530887E+03    0.5406000000E+04
        27    0.3790000000E+03    0.4705659990E+03    0.5724000000E+04
        28    0.3770000000E+03    0.4516466335E+03    0.5247000000E+04
        29    0.3940000000E+03    0.4831789093E+03    0.6042000000E+04
        30    0.4250000000E+03    0.4516466335E+03    0.5247000000E+04
        31    0.3950000000E+03    0.4453401783E+03    0.5088000000E+04
        32    0.3930000000E+03    0.4768724542E+03    0.5883000000E+04
        33    0.3750000000E+03    0.4642595438E+03    0.5565000000E+04
        34    0.3890000000E+03    0.4768724542E+03    0.5883000000E+04
        35    0.3580000000E+03    0.4453401783E+03    0.5088000000E+04
        36    0.3440000000E+03    0.4226131418E+03    0.4515000000E+04
        37    0.3690000000E+03    0.4226131418E+03    0.4515000000E+04
        38    0.3250000000E+03    0.4174965838E+03    0.4386000000E+04
        39    0.3380000000E+03    0.4277296998E+03    0.4644000000E+04
        40    0.3620000000E+03    0.4123800259E+03    0.4257000000E+04
        41    0.3610000000E+03    0.4379628157E+03    0.4902000000E+04
        42    0.3850000000E+03    0.4123800259E+03    0.4257000000E+04
        43    0.3480000000E+03    0.4072634679E+03    0.4128000000E+04
        44    0.3680000000E+03    0.4328462577E+03    0.4773000000E+04
        45    0.3410000000E+03    0.4226131418E+03    0.4515000000E+04
        46    0.3650000000E+03    0.4328462577E+03    0.4773000000E+04
        47    0.3250000000E+03    0.4072634679E+03    0.4128000000E+04
        48    0.5130000000E+03    0.5594513199E+03    0.7965000000E+04
        49    0.4480000000E+03    0.5594513199E+03    0.7965000000E+04
        50    0.4650000000E+03    0.5594513199E+03    0.7965000000E+04
        51    0.4460000000E+03    0.5524309264E+03    0.7788000000E+04
        52    0.4370000000E+03    0.5383901395E+03    0.7434000000E+04
        53    0.5020000000E+03    0.5805125004E+03    0.8496000000E+04
        54    0.4650000000E+03    0.5734921069E+03    0.8319000000E+04
        55    0.4750000000E+03    0.5454105330E+03    0.7611000000E+04
        56    0.5040000000E+03    0.5875328939E+03    0.8673000000E+04
        57    0.4860000000E+03    0.5594513199E+03    0.7965000000E+04
        58    0.4520000000E+03    0.5383901395E+03    0.7434000000E+04
        59    0.4590000000E+03    0.5059059459E+03    0.6615000000E+04
        60    0.4150000000E+03    0.5059059459E+03    0.6615000000E+04
        61    0.4370000000E+03    0.5059059459E+03    0.6615000000E+04
        62    0.4150000000E+03    0.5000754496E+03    0.6468000000E+04
        63    0.4010000000E+03    0.4884144570E+03    0.6174000000E+04
        64    0.4630000000E+03    0.5233974347E+03    0.7056000000E+04
        65    0.4420000000E+03    0.5175669385E+03    0.6909000000E+04
        66    0.4380000000E+03    0.4942449533E+03    0.6321000000E+04
        67    0.4680000000E+03    0.5292279310E+03    0.7203000000E+04
        68    0.4520000000E+03    0.5059059459E+03    0.6615000000E+04
        69    0.4220000000E+03    0.4884144570E+03    0.6174000000E+04
        70    0.4130000000E+03    0.4523605718E+03    0.5265000000E+04
        71    0.3950000000E+03    0.4523605718E+03    0.5265000000E+04
        72    0.3980000000E+03    0.4523605718E+03    0.5265000000E+04
        73    0.3780000000E+03    0.4477199727E+03    0.5148000000E+04
        74    0.3720000000E+03    0.4384387746E+03    0.4914000000E+04
        75    0.4150000000E+03    0.4662823691E+03    0.5616000000E+04
        76    0.3960000000E+03    0.4616417700E+03    0.5499000000E+04
        77    0.3880000000E+03    0.4430793737E+03    0.5031000000E+04
        78    0.4150000000E+03    0.4709229682E+03    0.5733000000E+04
        79    0.3980000000E+03    0.4523605718E+03    0.5265000000E+04
        80    0.3820000000E+03    0.4384387746E+03    0.4914000000E+04
        81    0.5230000000E+03    0.6034775164E+03    0.9075000000E+04
        82    0.5340000000E+03    0.5969330818E+03    0.8910000000E+04
        83    0.4890000000E+03    0.5838442126E+03    0.8580000000E+04
        84    0.5000000000E+03    0.6100219510E+03    0.9240000000E+04
        85    0.4950000000E+03    0.5969330818E+03    0.8910000000E+04
        86    0.5220000000E+03    0.6165663856E+03    0.9405000000E+04
        87    0.5310000000E+03    0.5903886472E+03    0.8745000000E+04
        88    0.5330000000E+03    0.6165663856E+03    0.9405000000E+04
        89    0.4920000000E+03    0.6100219510E+03    0.9240000000E+04
        90    0.5050000000E+03    0.5838442126E+03    0.8580000000E+04
        91    0.5410000000E+03    0.5969330818E+03    0.8910000000E+04
        92    0.4680000000E+03    0.5380331703E+03    0.7425000000E+04
        93    0.4590000000E+03    0.5326786329E+03    0.7290000000E+04
        94    0.4440000000E+03    0.5219695581E+03    0.7020000000E+04
        95    0.4580000000E+03    0.5433877077E+03    0.7560000000E+04
        96    0.4450000000E+03    0.5326786329E+03    0.7290000000E+04
        97    0.4640000000E+03    0.5487422451E+03    0.7695000000E+04
        98    0.4660000000E+03    0.5273240955E+03    0.7155000000E+04
        99    0.4860000000E+03    0.5487422451E+03    0.7695000000E+04
       100    0.4610000000E+03    0.5433877077E+03    0.7560000000E+04
       101    0.4640000000E+03    0.5219695581E+03    0.7020000000E+04
       102    0.4750000000E+03    0.5326786329E+03    0.7290000000E+04
       103    0.4190000000E+03    0.4725888242E+03    0.5775000000E+04
       104    0.4180000000E+03    0.4684241840E+03    0.5670000000E+04
       105    0.4020000000E+03    0.4600949036E+03    0.5460000000E+04
       106    0.3980000000E+03    0.4767534645E+03    0.5880000000E+04
       107    0.4110000000E+03    0.4684241840E+03    0.5670000000E+04
       108    0.4280000000E+03    0.4809181047E+03    0.5985000000E+04
       109    0.4150000000E+03    0.4642595438E+03    0.5565000000E+04
       110    0.4250000000E+03    0.4809181047E+03    0.5985000000E+04
       111    0.4120000000E+03    0.4767534645E+03    0.5880000000E+04
       112    0.4100000000E+03    0.4600949036E+03    0.5460000000E+04
       113    0.4150000000E+03    0.4684241840E+03    0.5670000000E+04
       114    0.5820000000E+03    0.5709933228E+03    0.8256000000E+04
       115    0.5240000000E+03    0.5633779807E+03    0.8064000000E+04
       116    0.5830000000E+03    0.5481472965E+03    0.7680000000E+04
       117    0.5690000000E+03    0.5633779807E+03    0.8064000000E+04
       118    0.5360000000E+03    0.5405319544E+03    0.7488000000E+04
       119    0.5770000000E+03    0.5633779807E+03    0.8064000000E+04
       120    0.5650000000E+03    0.5633779807E+03    0.8064000000E+04
       121    0.5620000000E+03    0.5481472965E+03    0.7680000000E+04
       122    0.5220000000E+03    0.5198277431E+03    0.6966000000E+04
       123    0.5040000000E+03    0.5134022982E+03    0.6804000000E+04
       124    0.5160000000E+03    0.5005514085E+03    0.6480000000E+04
       125    0.5170000000E+03    0.5134022982E+03    0.6804000000E+04
       126    0.5110000000E+03    0.4941259636E+03    0.6318000000E+04
       127    0.5180000000E+03    0.5134022982E+03    0.6804000000E+04
       128    0.5240000000E+03    0.5134022982E+03    0.6804000000E+04
       129    0.5030000000E+03    0.5005514085E+03    0.6480000000E+04
       130    0.4830000000E+03    0.4686621635E+03    0.5676000000E+04
       131    0.4570000000E+03    0.4634266158E+03    0.5544000000E+04
       132    0.4820000000E+03    0.4529555204E+03    0.5280000000E+04
       133    0.4700000000E+03    0.4634266158E+03    0.5544000000E+04
       134    0.4590000000E+03    0.4477199727E+03    0.5148000000E+04
       135    0.4900000000E+03    0.4634266158E+03    0.5544000000E+04
       136    0.4850000000E+03    0.4634266158E+03    0.5544000000E+04
       137    0.4830000000E+03    0.4529555204E+03    0.5280000000E+04
       138    0.5870000000E+03    0.5176859282E+03    0.6912000000E+04
       139    0.5710000000E+03    0.5100705861E+03    0.6720000000E+04
       140    0.5780000000E+03    0.5176859282E+03    0.6912000000E+04
       141    0.5260000000E+03    0.5176859282E+03    0.6912000000E+04
       142    0.5350000000E+03    0.5024552440E+03    0.6528000000E+04
       143    0.5720000000E+03    0.5176859282E+03    0.6912000000E+04
       144    0.5620000000E+03    0.5253012703E+03    0.7104000000E+04
       145    0.5630000000E+03    0.5100705861E+03    0.6720000000E+04
       146    0.5830000000E+03    0.5100705861E+03    0.6720000000E+04
       147    0.5850000000E+03    0.4948399019E+03    0.6336000000E+04
       148    0.5920000000E+03    0.5100705861E+03    0.6720000000E+04
       149    0.5730000000E+03    0.5253012703E+03    0.7104000000E+04
       150    0.5360000000E+03    0.5329166123E+03    0.7296000000E+04
       151    0.5570000000E+03    0.5024552440E+03    0.6528000000E+04
       152    0.5520000000E+03    0.4748496289E+03    0.5832000000E+04
       153    0.5190000000E+03    0.4684241840E+03    0.5670000000E+04
       154    0.5240000000E+03    0.4748496289E+03    0.5832000000E+04
       155    0.5080000000E+03    0.4748496289E+03    0.5832000000E+04
       156    0.4900000000E+03    0.4619987392E+03    0.5508000000E+04
       157    0.5500000000E+03    0.4748496289E+03    0.5832000000E+04
       158    0.5150000000E+03    0.4812750738E+03    0.5994000000E+04
       159    0.5300000000E+03    0.4684241840E+03    0.5670000000E+04
       160    0.5460000000E+03    0.4684241840E+03    0.5670000000E+04
       161    0.5350000000E+03    0.4555732943E+03    0.5346000000E+04
       162    0.5500000000E+03    0.4684241840E+03    0.5670000000E+04
       163    0.5420000000E+03    0.4812750738E+03    0.5994000000E+04
       164    0.5920000000E+03    0.4877005187E+03    0.6156000000E+04
       165    0.5240000000E+03    0.4619987392E+03    0.5508000000E+04
       166    0.4970000000E+03    0.4320133297E+03    0.4752000000E+04
       167    0.4910000000E+03    0.4267777820E+03    0.4620000000E+04
       168    0.4630000000E+03    0.4320133297E+03    0.4752000000E+04
       169    0.4640000000E+03    0.4320133297E+03    0.4752000000E+04
       170    0.4590000000E+03    0.4215422343E+03    0.4488000000E+04
       171    0.4890000000E+03    0.4320133297E+03    0.4752000000E+04
       172    0.4770000000E+03    0.4372488774E+03    0.4884000000E+04
       173    0.4690000000E+03    0.4267777820E+03    0.4620000000E+04
       174    0.4960000000E+03    0.4267777820E+03    0.4620000000E+04
       175    0.4670000000E+03    0.4163066866E+03    0.4356000000E+04
       176    0.5110000000E+03    0.4267777820E+03    0.4620000000E+04
       177    0.4900000000E+03    0.4372488774E+03    0.4884000000E+04
       178    0.5230000000E+03    0.4424844251E+03    0.5016000000E+04
       179    0.4760000000E+03    0.4215422343E+03    0.4488000000E+04
       180    0.6100000000E+03    0.5557626386E+03    0.7872000000E+04
       181    0.5810000000E+03    0.5405319544E+03    0.7488000000E+04
       182    0.6250000000E+03    0.5709933228E+03    0.8256000000E+04
       183    0.5620000000E+03    0.5481472965E+03    0.7680000000E+04
       184    0.6350000000E+03    0.5557626386E+03    0.7872000000E+04
       185    0.5660000000E+03    0.5557626386E+03    0.7872000000E+04
       186    0.6380000000E+03    0.5405319544E+03    0.7488000000E+04
       187    0.6060000000E+03    0.5253012703E+03    0.7104000000E+04
       188    0.5820000000E+03    0.5633779807E+03    0.8064000000E+04
       189    0.6340000000E+03    0.5633779807E+03    0.8064000000E+04
       190    0.5850000000E+03    0.5481472965E+03    0.7680000000E+04
       191    0.6030000000E+03    0.5481472965E+03    0.7680000000E+04
       192    0.6250000000E+03    0.5481472965E+03    0.7680000000E+04
       193    0.6310000000E+03    0.5481472965E+03    0.7680000000E+04
       194    0.6250000000E+03    0.5786086649E+03    0.8448000000E+04
       195    0.5510000000E+03    0.5069768534E+03    0.6642000000E+04
       196    0.5390000000E+03    0.4941259636E+03    0.6318000000E+04
       197    0.5640000000E+03    0.5198277431E+03    0.6966000000E+04
       198    0.5500000000E+03    0.5005514085E+03    0.6480000000E+04
       199    0.5900000000E+03    0.5069768534E+03    0.6642000000E+04
       200    0.5270000000E+03    0.5069768534E+03    0.6642000000E+04
       201    0.5570000000E+03    0.4941259636E+03    0.6318000000E+04
       202    0.5510000000E+03    0.4812750738E+03    0.5994000000E+04
       203    0.5830000000E+03    0.5134022982E+03    0.6804000000E+04
       204    0.5700000000E+03    0.5134022982E+03    0.6804000000E+04
       205    0.5430000000E+03    0.5005514085E+03    0.6480000000E+04
       206    0.5430000000E+03    0.5005514085E+03    0.6480000000E+04
       207    0.5630000000E+03    0.5005514085E+03    0.6480000000E+04
       208    0.5770000000E+03    0.5005514085E+03    0.6480000000E+04
       209    0.5780000000E+03    0.5262531880E+03    0.7128000000E+04
       210    0.4900000000E+03    0.4581910681E+03    0.5412000000E+04
       211    0.4960000000E+03    0.4477199727E+03    0.5148000000E+04
       212    0.5110000000E+03    0.4686621635E+03    0.5676000000E+04
       213    0.4940000000E+03    0.4529555204E+03    0.5280000000E+04
       214    0.5170000000E+03    0.4581910681E+03    0.5412000000E+04
       215    0.4800000000E+03    0.4581910681E+03    0.5412000000E+04
       216    0.5020000000E+03    0.4477199727E+03    0.5148000000E+04
       217    0.5040000000E+03    0.4372488774E+03    0.4884000000E+04
       218    0.5050000000E+03    0.4634266158E+03    0.5544000000E+04
       219    0.5020000000E+03    0.4634266158E+03    0.5544000000E+04
       220    0.4960000000E+03    0.4529555204E+03    0.5280000000E+04
       221    0.5010000000E+03    0.4529555204E+03    0.5280000000E+04
       222    0.5170000000E+03    0.4529555204E+03    0.5280000000E+04
       223    0.5230000000E+03    0.4529555204E+03    0.5280000000E+04
       224    0.5160000000E+03    0.4738977112E+03    0.5808000000E+04
       225    0.4860000000E+03    0.5405319544E+03    0.7488000000E+04
       226    0.4270000000E+03    0.5329166123E+03    0.7296000000E+04
       227    0.5100000000E+03    0.5481472965E+03    0.7680000000E+04
       228    0.4510000000E+03    0.5481472965E+03    0.7680000000E+04
       229    0.4250000000E+03    0.5557626386E+03    0.7872000000E+04
       230    0.4320000000E+03    0.5329166123E+03    0.7296000000E+04
       231    0.4820000000E+03    0.5481472965E+03    0.7680000000E+04
       232    0.4350000000E+03    0.4941259636E+03    0.6318000000E+04
       233    0.4060000000E+03    0.4877005187E+03    0.6156000000E+04
       234    0.4700000000E+03    0.5005514085E+03    0.6480000000E+04
       235    0.4380000000E+03    0.5005514085E+03    0.6480000000E+04
       236    0.4040000000E+03    0.5069768534E+03    0.6642000000E+04
       237    0.4060000000E+03    0.4877005187E+03    0.6156000000E+04
       238    0.4430000000E+03    0.5005514085E+03    0.6480000000E+04
       239    0.3970000000E+03    0.4477199727E+03    0.5148000000E+04
       240    0.3850000000E+03    0.4424844251E+03    0.5016000000E+04
       241    0.4250000000E+03    0.4529555204E+03    0.5280000000E+04
       242    0.3960000000E+03    0.4529555204E+03    0.5280000000E+04
       243    0.3800000000E+03    0.4581910681E+03    0.5412000000E+04
       244    0.3630000000E+03    0.4424844251E+03    0.5016000000E+04
       245    0.3980000000E+03    0.4529555204E+03    0.5280000000E+04
       246    0.5050000000E+03    0.5633779807E+03    0.8064000000E+04
       247    0.5360000000E+03    0.5709933228E+03    0.8256000000E+04
       248    0.4840000000E+03    0.5633779807E+03    0.8064000000E+04
       249    0.4950000000E+03    0.5633779807E+03    0.8064000000E+04
       250    0.5510000000E+03    0.5633779807E+03    0.8064000000E+04
       251    0.4770000000E+03    0.5862240070E+03    0.8640000000E+04
       252    0.5300000000E+03    0.5557626386E+03    0.7872000000E+04
       253    0.5160000000E+03    0.5481472965E+03    0.7680000000E+04
       254    0.4450000000E+03    0.5557626386E+03    0.7872000000E+04
       255    0.5510000000E+03    0.5938393490E+03    0.8832000000E+04
       256    0.5100000000E+03    0.5709933228E+03    0.8256000000E+04
       257    0.4430000000E+03    0.5557626386E+03    0.7872000000E+04
       258    0.4490000000E+03    0.5134022982E+03    0.6804000000E+04
       259    0.5020000000E+03    0.5198277431E+03    0.6966000000E+04
       260    0.4510000000E+03    0.5134022982E+03    0.6804000000E+04
       261    0.4590000000E+03    0.5134022982E+03    0.6804000000E+04
       262    0.4970000000E+03    0.5134022982E+03    0.6804000000E+04
       263    0.4510000000E+03    0.5326786329E+03    0.7290000000E+04
       264    0.4970000000E+03    0.5069768534E+03    0.6642000000E+04
       265    0.4610000000E+03    0.5005514085E+03    0.6480000000E+04
       266    0.3990000000E+03    0.5069768534E+03    0.6642000000E+04
       267    0.5020000000E+03    0.5391040778E+03    0.7452000000E+04
       268    0.4900000000E+03    0.5198277431E+03    0.6966000000E+04
       269    0.4240000000E+03    0.5069768534E+03    0.6642000000E+04
       270    0.4110000000E+03    0.4634266158E+03    0.5544000000E+04
       271    0.4480000000E+03    0.4686621635E+03    0.5676000000E+04
       272    0.4040000000E+03    0.4634266158E+03    0.5544000000E+04
       273    0.4110000000E+03    0.4634266158E+03    0.5544000000E+04
       274    0.4380000000E+03    0.4634266158E+03    0.5544000000E+04
       275    0.4100000000E+03    0.4791332589E+03    0.5940000000E+04
       276    0.4500000000E+03    0.4581910681E+03    0.5412000000E+04
       277    0.4100000000E+03    0.4529555204E+03    0.5280000000E+04
       278    0.3830000000E+03    0.4581910681E+03    0.5412000000E+04
       279    0.4600000000E+03    0.4843688065E+03    0.6072000000E+04
       280    0.4420000000E+03    0.4686621635E+03    0.5676000000E+04
       281    0.3990000000E+03    0.4581910681E+03    0.5412000000E+04
       282    0.5630000000E+03    0.5100705861E+03    0.6720000000E+04
       283    0.5300000000E+03    0.5100705861E+03    0.6720000000E+04
       284    0.5700000000E+03    0.5100705861E+03    0.6720000000E+04
       285    0.5780000000E+03    0.5350584273E+03    0.7350000000E+04
       286    0.5370000000E+03    0.5017413057E+03    0.6510000000E+04
       287    0.5690000000E+03    0.5183998665E+03    0.6930000000E+04
       288    0.5760000000E+03    0.4767534645E+03    0.5880000000E+04
       289    0.5490000000E+03    0.5267291469E+03    0.7140000000E+04
       290    0.5220000000E+03    0.4934120253E+03    0.6300000000E+04
       291    0.5700000000E+03    0.5100705861E+03    0.6720000000E+04
       292    0.5100000000E+03    0.4719938756E+03    0.5760000000E+04
       293    0.5100000000E+03    0.4719938756E+03    0.5760000000E+04
       294    0.5170000000E+03    0.4719938756E+03    0.5760000000E+04
       295    0.5400000000E+03    0.4934120253E+03    0.6300000000E+04
       296    0.5180000000E+03    0.4648544924E+03    0.5580000000E+04
       297    0.5230000000E+03    0.4791332589E+03    0.5940000000E+04
       298    0.5370000000E+03    0.4434363428E+03    0.5040000000E+04
       299    0.5360000000E+03    0.4862726421E+03    0.6120000000E+04
       300    0.5030000000E+03    0.4577151092E+03    0.5400000000E+04
       301    0.5400000000E+03    0.4719938756E+03    0.5760000000E+04
       302    0.4900000000E+03    0.4339171652E+03    0.4800000000E+04
       303    0.4770000000E+03    0.4339171652E+03    0.4800000000E+04
       304    0.4830000000E+03    0.4339171652E+03    0.4800000000E+04
       305    0.5030000000E+03    0.4517656232E+03    0.5250000000E+04
       306    0.4710000000E+03    0.4279676792E+03    0.4650000000E+04
       307    0.4760000000E+03    0.4398666512E+03    0.4950000000E+04
       308    0.5020000000E+03    0.4101192212E+03    0.4200000000E+04
       309    0.4960000000E+03    0.4458161372E+03    0.5100000000E+04
       310    0.4710000000E+03    0.4220181932E+03    0.4500000000E+04
       311    0.4970000000E+03    0.4339171652E+03    0.4800000000E+04
       312    0.5910000000E+03    0.5126883599E+03    0.6786000000E+04
       313    0.5900000000E+03    0.5195897637E+03    0.6960000000E+04
       314    0.6060000000E+03    0.5195897637E+03    0.6960000000E+04
       315    0.5840000000E+03    0.5195897637E+03    0.6960000000E+04
       316    0.6040000000E+03    0.5057869562E+03    0.6612000000E+04
       317    0.5910000000E+03    0.5195897637E+03    0.6960000000E+04
       318    0.5880000000E+03    0.5333925712E+03    0.7308000000E+04
       319    0.5880000000E+03    0.5057869562E+03    0.6612000000E+04
       320    0.5500000000E+03    0.5264911675E+03    0.7134000000E+04
       321    0.6090000000E+03    0.5126883599E+03    0.6786000000E+04
       322    0.6040000000E+03    0.5057869562E+03    0.6612000000E+04
       323    0.6190000000E+03    0.5333925712E+03    0.7308000000E+04
       324    0.6430000000E+03    0.4988855524E+03    0.6438000000E+04
       325    0.5690000000E+03    0.5402939750E+03    0.7482000000E+04
       326    0.5510000000E+03    0.4662823691E+03    0.5616000000E+04
       327    0.5430000000E+03    0.4719938756E+03    0.5760000000E+04
       328    0.5430000000E+03    0.4719938756E+03    0.5760000000E+04
       329    0.5240000000E+03    0.4719938756E+03    0.5760000000E+04
       330    0.5710000000E+03    0.4605708625E+03    0.5472000000E+04
       331    0.5420000000E+03    0.4719938756E+03    0.5760000000E+04
       332    0.5310000000E+03    0.4834168888E+03    0.6048000000E+04
       333    0.5310000000E+03    0.4605708625E+03    0.5472000000E+04
       334    0.5120000000E+03    0.4777053822E+03    0.5904000000E+04
       335    0.5630000000E+03    0.4662823691E+03    0.5616000000E+04
       336    0.5500000000E+03    0.4605708625E+03    0.5472000000E+04
       337    0.5830000000E+03    0.4834168888E+03    0.6048000000E+04
       338    0.5830000000E+03    0.4548593560E+03    0.5328000000E+04
       339    0.5500000000E+03    0.4891283953E+03    0.6192000000E+04
       340    0.4820000000E+03    0.4198763782E+03    0.4446000000E+04
       341    0.4820000000E+03    0.4243979876E+03    0.4560000000E+04
       342    0.4900000000E+03    0.4243979876E+03    0.4560000000E+04
       343    0.4760000000E+03    0.4243979876E+03    0.4560000000E+04
       344    0.4830000000E+03    0.4153547689E+03    0.4332000000E+04
       345    0.4800000000E+03    0.4243979876E+03    0.4560000000E+04
       346    0.4910000000E+03    0.4334412063E+03    0.4788000000E+04
       347    0.4710000000E+03    0.4153547689E+03    0.4332000000E+04
       348    0.4690000000E+03    0.4289195970E+03    0.4674000000E+04
       349    0.4900000000E+03    0.4198763782E+03    0.4446000000E+04
       350    0.4830000000E+03    0.4153547689E+03    0.4332000000E+04
       351    0.4980000000E+03    0.4334412063E+03    0.4788000000E+04
       352    0.4910000000E+03    0.4108331595E+03    0.4218000000E+04
       353    0.4630000000E+03    0.4379628157E+03    0.4902000000E+04
       354    0.6000000000E+03    0.5678995901E+03    0.8178000000E+04
       355    0.6150000000E+03    0.5678995901E+03    0.8178000000E+04
       356    0.6070000000E+03    0.5471953788E+03    0.7656000000E+04
       357    0.5960000000E+03    0.5540967825E+03    0.7830000000E+04
       358    0.6180000000E+03    0.5748009938E+03    0.8352000000E+04
       359    0.5850000000E+03    0.5817023976E+03    0.8526000000E+04
       360    0.5510000000E+03    0.5119744216E+03    0.6768000000E+04
       361    0.5560000000E+03    0.5119744216E+03    0.6768000000E+04
       362    0.5500000000E+03    0.4948399019E+03    0.6336000000E+04
       363    0.5370000000E+03    0.5005514085E+03    0.6480000000E+04
       364    0.5430000000E+03    0.5176859282E+03    0.6912000000E+04
       365    0.5430000000E+03    0.5233974347E+03    0.7056000000E+04
       366    0.4710000000E+03    0.4560492532E+03    0.5358000000E+04
       367    0.4760000000E+03    0.4560492532E+03    0.5358000000E+04
       368    0.4820000000E+03    0.4424844251E+03    0.5016000000E+04
       369    0.4770000000E+03    0.4470060344E+03    0.5130000000E+04
       370    0.4910000000E+03    0.4605708625E+03    0.5472000000E+04
       371    0.4790000000E+03    0.4650924719E+03    0.5586000000E+04
       372    0.7810000000E+03    0.8361024192E+03    0.1494000000E+05
       373    0.6980000000E+03    0.8262262724E+03    0.1469100000E+05
       374    0.9060000000E+03    0.8459785660E+03    0.1518900000E+05
       375    0.7400000000E+03    0.7361510543E+03    0.1242000000E+05
       376    0.6780000000E+03    0.7279407636E+03    0.1221300000E+05
       377    0.7700000000E+03    0.7443613450E+03    0.1262700000E+05
       378    0.7940000000E+03    0.8604953118E+03    0.1555500000E+05
       379    0.8550000000E+03    0.8807235642E+03    0.1606500000E+05
       380    0.7680000000E+03    0.8706094380E+03    0.1581000000E+05
       381    0.7450000000E+03    0.7588780908E+03    0.1299300000E+05
       382    0.7070000000E+03    0.7757746311E+03    0.1341900000E+05
       383    0.7180000000E+03    0.7673263610E+03    0.1320600000E+05
       384    0.8740000000E+03    0.7669693918E+03    0.1319700000E+05
       385    0.8290000000E+03    0.7669693918E+03    0.1319700000E+05
       386    0.7000000000E+03    0.7669693918E+03    0.1319700000E+05
       387    0.8060000000E+03    0.6868893102E+03    0.1117800000E+05
       388    0.7200000000E+03    0.6786790195E+03    0.1097100000E+05
       389    0.6880000000E+03    0.6786790195E+03    0.1097100000E+05
       390    0.1034000000E+04    0.1013159123E+04    0.1940400000E+05
       391    0.1139000000E+04    0.1086456790E+04    0.2125200000E+05
       392    0.1002000000E+04    0.8665637875E+03    0.1570800000E+05
       393    0.1056000000E+04    0.1013159123E+04    0.1940400000E+05
       394    0.1124000000E+04    0.1086456790E+04    0.2125200000E+05
       395    0.1082000000E+04    0.8665637875E+03    0.1570800000E+05
       396    0.1054000000E+04    0.1013159123E+04    0.1940400000E+05
       397    0.1190000000E+04    0.1086456790E+04    0.2125200000E+05
       398    0.9350000000E+03    0.8665637875E+03    0.1570800000E+05
       399    0.1037000000E+04    0.9731785768E+03    0.1839600000E+05
       400    0.1110000000E+04    0.1042668573E+04    0.2014800000E+05
       401    0.1035000000E+04    0.8341985837E+03    0.1489200000E+05
       402    0.9270000000E+03    0.9765102889E+03    0.1848000000E+05
       403    0.9760000000E+03    0.1086456790E+04    0.2125200000E+05
       404    0.9860000000E+03    0.9032126213E+03    0.1663200000E+05
       405    0.9560000000E+03    0.9765102889E+03    0.1848000000E+05
       406    0.9460000000E+03    0.1086456790E+04    0.2125200000E+05
       407    0.1089000000E+04    0.9032126213E+03    0.1663200000E+05
       408    0.9600000000E+03    0.9765102889E+03    0.1848000000E+05
       409    0.1033000000E+04    0.1086456790E+04    0.2125200000E+05
       410    0.1080000000E+04    0.9032126213E+03    0.1663200000E+05
       411    0.9240000000E+03    0.9384335785E+03    0.1752000000E+05
       412    0.1009000000E+04    0.1042668573E+04    0.2014800000E+05
       413    0.1053000000E+04    0.8689435819E+03    0.1576800000E+05
       414    0.8540000000E+03    0.1013159123E+04    0.1940400000E+05
       415    0.1086000000E+04    0.1086456790E+04    0.2125200000E+05
       416    0.8890000000E+03    0.9398614551E+03    0.1755600000E+05
       417    0.8840000000E+03    0.1013159123E+04    0.1940400000E+05
       418    0.1057000000E+04    0.1086456790E+04    0.2125200000E+05
       419    0.9000000000E+03    0.9398614551E+03    0.1755600000E+05
       420    0.8760000000E+03    0.1013159123E+04    0.1940400000E+05
       421    0.1068000000E+04    0.1086456790E+04    0.2125200000E+05
       422    0.8380000000E+03    0.9398614551E+03    0.1755600000E+05
       423    0.8730000000E+03    0.9731785768E+03    0.1839600000E+05
       424    0.1120000000E+04    0.1042668573E+04    0.2014800000E+05
       425    0.8980000000E+03    0.9036885802E+03    0.1664400000E+05
       426    0.1074000000E+04    0.1013159123E+04    0.1940400000E+05
       427    0.1006000000E+04    0.1013159123E+04    0.1940400000E+05
       428    0.8580000000E+03    0.9032126213E+03    0.1663200000E+05
       429    0.1144000000E+04    0.1013159123E+04    0.1940400000E+05
       430    0.1028000000E+04    0.1013159123E+04    0.1940400000E+05
       431    0.9480000000E+03    0.9032126213E+03    0.1663200000E+05
       432    0.1080000000E+04    0.1013159123E+04    0.1940400000E+05
       433    0.1030000000E+04    0.1013159123E+04    0.1940400000E+05
       434    0.9570000000E+03    0.9032126213E+03    0.1663200000E+05
       435    0.1104000000E+04    0.9731785768E+03    0.1839600000E+05
       436    0.1008000000E+04    0.9731785768E+03    0.1839600000E+05
       437    0.8820000000E+03    0.8689435819E+03    0.1576800000E+05
