     Index       y_measurement           y_fitting        descriptor_1
         1    0.2320000000E+03    0.2930458546E+03    0.0000000000E+00
         2    0.2350000000E+03    0.2930458546E+03    0.0000000000E+00
         3    0.2350000000E+03    0.2930458546E+03    0.0000000000E+00
         4    0.2410000000E+03    0.2930458546E+03    0.0000000000E+00
         5    0.2250000000E+03    0.2930458546E+03    0.0000000000E+00
         6    0.2450000000E+03    0.2930458546E+03    0.0000000000E+00
         7    0.2550000000E+03    0.2930458546E+03    0.0000000000E+00
         8    0.2450000000E+03    0.2930458546E+03    0.0000000000E+00
         9    0.2750000000E+03    0.2930458546E+03    0.0000000000E+00
        10    0.2390000000E+03    0.2930458546E+03    0.0000000000E+00
        11    0.2550000000E+03    0.2930458546E+03    0.0000000000E+00
        12    0.3970000000E+03    0.3603046600E+03    0.2067187500E+04
        13    0.4190000000E+03    0.4666169654E+03    0.5334677419E+04
        14    0.4010000000E+03    0.4125194551E+03    0.3672000000E+04
        15    0.3940000000E+03    0.4788172285E+03    0.5709650350E+04
        16    0.4260000000E+03    0.4172883594E+03    0.3818571429E+04
        17    0.4260000000E+03    0.4683030848E+03    0.5386500000E+04
        18    0.4540000000E+03    0.4726294160E+03    0.5519469027E+04
        19    0.4180000000E+03    0.3939586997E+03    0.3101538462E+04
        20    0.4160000000E+03    0.4855686419E+03    0.5917153846E+04
        21    0.3950000000E+03    0.3582665144E+03    0.2004545455E+04
        22    0.4330000000E+03    0.4068093198E+03    0.3496500000E+04
        23    0.3790000000E+03    0.4612339297E+03    0.5169230769E+04
        24    0.3820000000E+03    0.3496286592E+03    0.1739062500E+04
        25    0.3850000000E+03    0.4390659954E+03    0.4487903226E+04
        26    0.3650000000E+03    0.3935553915E+03    0.3089142857E+04
        27    0.3790000000E+03    0.4493297088E+03    0.4803356643E+04
        28    0.3770000000E+03    0.3975673269E+03    0.3212448980E+04
        29    0.3940000000E+03    0.4404844768E+03    0.4531500000E+04
        30    0.4250000000E+03    0.4441240888E+03    0.4643362832E+04
        31    0.3950000000E+03    0.3779407878E+03    0.2609230769E+04
        32    0.3930000000E+03    0.4550094693E+03    0.4977923077E+04
        33    0.3750000000E+03    0.3479140287E+03    0.1686363636E+04
        34    0.3890000000E+03    0.3887516269E+03    0.2941500000E+04
        35    0.3580000000E+03    0.4345374099E+03    0.4348717949E+04
        36    0.3440000000E+03    0.3389526583E+03    0.1410937500E+04
        37    0.3690000000E+03    0.4115150255E+03    0.3641129032E+04
        38    0.3250000000E+03    0.3745913280E+03    0.2506285714E+04
        39    0.3380000000E+03    0.4198421892E+03    0.3897062937E+04
        40    0.3620000000E+03    0.3778462944E+03    0.2606326531E+04
        41    0.3610000000E+03    0.4126658688E+03    0.3676500000E+04
        42    0.3850000000E+03    0.4156187616E+03    0.3767256637E+04
        43    0.3480000000E+03    0.3619228758E+03    0.2116923077E+04
        44    0.3680000000E+03    0.4244502967E+03    0.4038692308E+04
        45    0.3410000000E+03    0.3375615430E+03    0.1368181818E+04
        46    0.3650000000E+03    0.3706939340E+03    0.2386500000E+04
        47    0.3250000000E+03    0.4078408900E+03    0.3528205128E+04
        48    0.5130000000E+03    0.5237978983E+03    0.7092123288E+04
        49    0.4480000000E+03    0.5140284319E+03    0.6791860465E+04
        50    0.4650000000E+03    0.5183956766E+03    0.6926086957E+04
        51    0.4460000000E+03    0.4166523694E+03    0.3799024390E+04
        52    0.4370000000E+03    0.4139835924E+03    0.3717000000E+04
        53    0.5020000000E+03    0.5196270963E+03    0.6963934426E+04
        54    0.4650000000E+03    0.5095819946E+03    0.6655200000E+04
        55    0.4750000000E+03    0.5115468094E+03    0.6715588235E+04
        56    0.5040000000E+03    0.5177974027E+03    0.6907699115E+04
        57    0.4860000000E+03    0.4525241902E+03    0.4901538462E+04
        58    0.4520000000E+03    0.5129326506E+03    0.6758181818E+04
        59    0.4590000000E+03    0.4846873824E+03    0.5890068493E+04
        60    0.4150000000E+03    0.4765737578E+03    0.5640697674E+04
        61    0.4370000000E+03    0.4802007915E+03    0.5752173913E+04
        62    0.4150000000E+03    0.3957021126E+03    0.3155121951E+04
        63    0.4010000000E+03    0.3934856707E+03    0.3087000000E+04
        64    0.4630000000E+03    0.4812234960E+03    0.5783606557E+04
        65    0.4420000000E+03    0.4728809539E+03    0.5527200000E+04
        66    0.4380000000E+03    0.4745127493E+03    0.5577352941E+04
        67    0.4680000000E+03    0.4797039200E+03    0.5736902655E+04
        68    0.4520000000E+03    0.4254939638E+03    0.4070769231E+04
        69    0.4220000000E+03    0.4756637021E+03    0.5612727273E+04
        70    0.4130000000E+03    0.4455768666E+03    0.4688013699E+04
        71    0.3950000000E+03    0.4391190837E+03    0.4489534884E+04
        72    0.3980000000E+03    0.4420059064E+03    0.4578260870E+04
        73    0.3780000000E+03    0.3747518559E+03    0.2511219512E+04
        74    0.3720000000E+03    0.3729877491E+03    0.2457000000E+04
        75    0.4150000000E+03    0.4428198958E+03    0.4603278689E+04
        76    0.3960000000E+03    0.4361799133E+03    0.4399200000E+04
        77    0.3880000000E+03    0.4374786891E+03    0.4439117647E+04
        78    0.4150000000E+03    0.4416104372E+03    0.4566106195E+04
        79    0.3980000000E+03    0.3984637374E+03    0.3240000000E+04
        80    0.3820000000E+03    0.4383947536E+03    0.4467272727E+04
        81    0.5230000000E+03    0.5535761614E+03    0.8007352941E+04
        82    0.5340000000E+03    0.5397685590E+03    0.7582978723E+04
        83    0.4890000000E+03    0.4648379599E+03    0.5280000000E+04
        84    0.5000000000E+03    0.5435760082E+03    0.7700000000E+04
        85    0.4950000000E+03    0.3930110883E+03    0.3072413793E+04
        86    0.5220000000E+03    0.5610791576E+03    0.8237956204E+04
        87    0.5310000000E+03    0.5269066829E+03    0.7187671233E+04
        88    0.5330000000E+03    0.5438693690E+03    0.7709016393E+04
        89    0.4920000000E+03    0.5374655167E+03    0.7512195122E+04
        90    0.5050000000E+03    0.5237583927E+03    0.7090909091E+04
        91    0.5410000000E+03    0.5346285027E+03    0.7425000000E+04
        92    0.4680000000E+03    0.5062070147E+03    0.6551470588E+04
        93    0.4590000000E+03    0.4949098855E+03    0.6204255319E+04
        94    0.4440000000E+03    0.4336030317E+03    0.4320000000E+04
        95    0.4580000000E+03    0.4980250712E+03    0.6300000000E+04
        96    0.4450000000E+03    0.3748355912E+03    0.2513793103E+04
        97    0.4640000000E+03    0.5123458298E+03    0.6740145985E+04
        98    0.4660000000E+03    0.4843865323E+03    0.5880821918E+04
        99    0.4860000000E+03    0.4982650937E+03    0.6307377049E+04
       100    0.4610000000E+03    0.4930255781E+03    0.6146341463E+04
       101    0.4640000000E+03    0.4818106585E+03    0.5801652893E+04
       102    0.4750000000E+03    0.4907043849E+03    0.6075000000E+04
       103    0.4190000000E+03    0.4588378680E+03    0.5095588235E+04
       104    0.4180000000E+03    0.4500512120E+03    0.4825531915E+04
       105    0.4020000000E+03    0.4023681034E+03    0.3360000000E+04
       106    0.3980000000E+03    0.4524741342E+03    0.4900000000E+04
       107    0.4110000000E+03    0.3566600942E+03    0.1955172414E+04
       108    0.4280000000E+03    0.4636125020E+03    0.5242335766E+04
       109    0.4150000000E+03    0.4418663817E+03    0.4573972603E+04
       110    0.4250000000E+03    0.4526608183E+03    0.4905737705E+04
       111    0.4120000000E+03    0.4485856395E+03    0.4780487805E+04
       112    0.4100000000E+03    0.4398629243E+03    0.4512396694E+04
       113    0.4150000000E+03    0.4467802670E+03    0.4725000000E+04
       114    0.5820000000E+03    0.5585840972E+03    0.8161270962E+04
       115    0.5240000000E+03    0.5532508766E+03    0.7997355372E+04
       116    0.5830000000E+03    0.5406741145E+03    0.7610810811E+04
       117    0.5690000000E+03    0.5519991144E+03    0.7958882682E+04
       118    0.5360000000E+03    0.5354415820E+03    0.7449989848E+04
       119    0.5770000000E+03    0.5537450369E+03    0.8012543300E+04
       120    0.5650000000E+03    0.5543075001E+03    0.8029830508E+04
       121    0.5620000000E+03    0.5404287558E+03    0.7603269755E+04
       122    0.5220000000E+03    0.5170937468E+03    0.6886072374E+04
       123    0.5040000000E+03    0.5125938419E+03    0.6747768595E+04
       124    0.5160000000E+03    0.5019821989E+03    0.6421621622E+04
       125    0.5170000000E+03    0.5115376676E+03    0.6715307263E+04
       126    0.5110000000E+03    0.4975672496E+03    0.6285928934E+04
       127    0.5180000000E+03    0.5130107897E+03    0.6760583409E+04
       128    0.5240000000E+03    0.5134853680E+03    0.6775169492E+04
       129    0.5030000000E+03    0.5017751775E+03    0.6415258856E+04
       130    0.4830000000E+03    0.4756033963E+03    0.5610873786E+04
       131    0.4570000000E+03    0.4719368072E+03    0.5498181818E+04
       132    0.4820000000E+03    0.4632902833E+03    0.5232432432E+04
       133    0.4700000000E+03    0.4710762207E+03    0.5471731844E+04
       134    0.4590000000E+03    0.4596929172E+03    0.5121868020E+04
       135    0.4900000000E+03    0.4722765424E+03    0.5508623519E+04
       136    0.4850000000E+03    0.4726632359E+03    0.5520508475E+04
       137    0.4830000000E+03    0.4631215992E+03    0.5227247956E+04
       138    0.5870000000E+03    0.5495010549E+03    0.7882105263E+04
       139    0.5710000000E+03    0.5406471092E+03    0.7609980806E+04
       140    0.5780000000E+03    0.5532867225E+03    0.7998457088E+04
       141    0.5260000000E+03    0.5486043584E+03    0.7854545455E+04
       142    0.5350000000E+03    0.5385199625E+03    0.7544603330E+04
       143    0.5720000000E+03    0.5474685428E+03    0.7819636364E+04
       144    0.5620000000E+03    0.5540423191E+03    0.8021680217E+04
       145    0.5630000000E+03    0.5492529125E+03    0.7874478649E+04
       146    0.5830000000E+03    0.5436821381E+03    0.7703261883E+04
       147    0.5850000000E+03    0.5347253294E+03    0.7427975952E+04
       148    0.5920000000E+03    0.5421888972E+03    0.7657367387E+04
       149    0.5730000000E+03    0.5584354608E+03    0.8156702650E+04
       150    0.5360000000E+03    0.5629017781E+03    0.8293974122E+04
       151    0.5570000000E+03    0.5348153650E+03    0.7430743180E+04
       152    0.5520000000E+03    0.5094299299E+03    0.6650526316E+04
       153    0.5190000000E+03    0.5019594131E+03    0.6420921305E+04
       154    0.5240000000E+03    0.5126240869E+03    0.6748698168E+04
       155    0.5080000000E+03    0.5086733422E+03    0.6627272727E+04
       156    0.4900000000E+03    0.5001646332E+03    0.6365759060E+04
       157    0.5500000000E+03    0.5077149978E+03    0.6597818182E+04
       158    0.5150000000E+03    0.5132616215E+03    0.6768292683E+04
       159    0.5300000000E+03    0.5092205597E+03    0.6644091360E+04
       160    0.5460000000E+03    0.5045202188E+03    0.6499627213E+04
       161    0.5350000000E+03    0.4969629115E+03    0.6267354709E+04
       162    0.5500000000E+03    0.5032602968E+03    0.6460903733E+04
       163    0.5420000000E+03    0.5169683348E+03    0.6882217861E+04
       164    0.5920000000E+03    0.5207367900E+03    0.6998040665E+04
       165    0.5240000000E+03    0.4970388790E+03    0.6269689558E+04
       166    0.4970000000E+03    0.4693588048E+03    0.5418947368E+04
       167    0.4910000000E+03    0.4632717171E+03    0.5231861804E+04
       168    0.4630000000E+03    0.4719614513E+03    0.5498939248E+04
       169    0.4640000000E+03    0.4687423260E+03    0.5400000000E+04
       170    0.4590000000E+03    0.4618093038E+03    0.5186914789E+04
       171    0.4890000000E+03    0.4679614527E+03    0.5376000000E+04
       172    0.4770000000E+03    0.4724809240E+03    0.5514905149E+04
       173    0.4690000000E+03    0.4691882069E+03    0.5413704071E+04
       174    0.4960000000E+03    0.4653582995E+03    0.5295992544E+04
       175    0.4670000000E+03    0.4592004935E+03    0.5106733467E+04
       176    0.5110000000E+03    0.4643316964E+03    0.5264440079E+04
       177    0.4900000000E+03    0.4755012089E+03    0.5607733072E+04
       178    0.5230000000E+03    0.4785718020E+03    0.5702107209E+04
       179    0.4760000000E+03    0.4592623930E+03    0.5108635936E+04
       180    0.6100000000E+03    0.5932498347E+03    0.9226716279E+04
       181    0.5810000000E+03    0.5774514925E+03    0.8741157025E+04
       182    0.6250000000E+03    0.6133049063E+03    0.9843105360E+04
       183    0.5620000000E+03    0.5847832554E+03    0.8966497462E+04
       184    0.6350000000E+03    0.5874440288E+03    0.9048275862E+04
       185    0.5660000000E+03    0.5849639649E+03    0.8972051536E+04
       186    0.6380000000E+03    0.5748429395E+03    0.8660983607E+04
       187    0.6060000000E+03    0.5637690614E+03    0.8320629921E+04
       188    0.5820000000E+03    0.5866597727E+03    0.9024171889E+04
       189    0.6340000000E+03    0.5959769716E+03    0.9310534351E+04
       190    0.5850000000E+03    0.5801517189E+03    0.8824148004E+04
       191    0.6030000000E+03    0.5812788668E+03    0.8858790698E+04
       192    0.6250000000E+03    0.5868659423E+03    0.9030508475E+04
       193    0.6310000000E+03    0.5813682692E+03    0.8861538462E+04
       194    0.6250000000E+03    0.6191596817E+03    0.1002305085E+05
       195    0.5510000000E+03    0.5463429628E+03    0.7785041860E+04
       196    0.5390000000E+03    0.5330131116E+03    0.7375351240E+04
       197    0.5640000000E+03    0.5632644295E+03    0.8305120148E+04
       198    0.5500000000E+03    0.5391992866E+03    0.7565482234E+04
       199    0.5900000000E+03    0.5414443141E+03    0.7634482759E+04
       200    0.5270000000E+03    0.5393517602E+03    0.7570168484E+04
       201    0.5570000000E+03    0.5308121449E+03    0.7307704918E+04
       202    0.5510000000E+03    0.5214685603E+03    0.7020531496E+04
       203    0.5830000000E+03    0.5407825980E+03    0.7614145031E+04
       204    0.5700000000E+03    0.5486439846E+03    0.7855763359E+04
       205    0.5430000000E+03    0.5352914276E+03    0.7445374878E+04
       206    0.5430000000E+03    0.5362424587E+03    0.7474604651E+04
       207    0.5630000000E+03    0.5409565536E+03    0.7619491525E+04
       208    0.5770000000E+03    0.5363178919E+03    0.7476923077E+04
       209    0.5780000000E+03    0.5682043962E+03    0.8456949153E+04
       210    0.4900000000E+03    0.4994360909E+03    0.6343367442E+04
       211    0.4960000000E+03    0.4885747307E+03    0.6009545455E+04
       212    0.5110000000E+03    0.5132239526E+03    0.6767134935E+04
       213    0.4940000000E+03    0.4936153177E+03    0.6164467005E+04
       214    0.5170000000E+03    0.4954445994E+03    0.6220689655E+04
       215    0.4800000000E+03    0.4937395554E+03    0.6168285431E+04
       216    0.5020000000E+03    0.4867813504E+03    0.5954426230E+04
       217    0.5040000000E+03    0.4791680593E+03    0.5720433071E+04
       218    0.5050000000E+03    0.4949054233E+03    0.6204118174E+04
       219    0.5020000000E+03    0.5013109975E+03    0.6400992366E+04
       220    0.4960000000E+03    0.4904311363E+03    0.6066601753E+04
       221    0.5010000000E+03    0.4912060505E+03    0.6090418605E+04
       222    0.5170000000E+03    0.4950471649E+03    0.6208474576E+04
       223    0.5230000000E+03    0.4912675146E+03    0.6092307692E+04
       224    0.5160000000E+03    0.5172491107E+03    0.6890847458E+04
       225    0.4860000000E+03    0.5070473224E+03    0.6577297297E+04
       226    0.4270000000E+03    0.5183021254E+03    0.6923211679E+04
       227    0.5100000000E+03    0.5170756847E+03    0.6885517241E+04
       228    0.4510000000E+03    0.4993683164E+03    0.6341284404E+04
       229    0.4250000000E+03    0.5401853746E+03    0.7595789474E+04
       230    0.4320000000E+03    0.5138695333E+03    0.6786976744E+04
       231    0.4820000000E+03    0.4715311588E+03    0.5485714286E+04
       232    0.4350000000E+03    0.4736095931E+03    0.5549594595E+04
       233    0.4060000000E+03    0.4831058331E+03    0.5841459854E+04
       234    0.4700000000E+03    0.4820710238E+03    0.5809655172E+04
       235    0.4380000000E+03    0.4671304317E+03    0.5350458716E+04
       236    0.4040000000E+03    0.5015698245E+03    0.6408947368E+04
       237    0.4060000000E+03    0.4793658335E+03    0.5726511628E+04
       238    0.4430000000E+03    0.4436428301E+03    0.4628571429E+04
       239    0.3970000000E+03    0.4401718637E+03    0.4521891892E+04
       240    0.3850000000E+03    0.4479095408E+03    0.4759708029E+04
       241    0.4250000000E+03    0.4470663628E+03    0.4733793103E+04
       242    0.3960000000E+03    0.4348925471E+03    0.4359633028E+04
       243    0.3800000000E+03    0.4629542746E+03    0.5222105263E+04
       244    0.3630000000E+03    0.4448621337E+03    0.4666046512E+04
       245    0.3980000000E+03    0.4157545012E+03    0.3771428571E+04
       246    0.5050000000E+03    0.5405679275E+03    0.7607547170E+04
       247    0.5360000000E+03    0.5517173344E+03    0.7950222222E+04
       248    0.4840000000E+03    0.5262666521E+03    0.7168000000E+04
       249    0.4950000000E+03    0.5253556334E+03    0.7140000000E+04
       250    0.5510000000E+03    0.5195552623E+03    0.6961726619E+04
       251    0.4770000000E+03    0.5557695501E+03    0.8074766355E+04
       252    0.5300000000E+03    0.5356919287E+03    0.7457684211E+04
       253    0.5160000000E+03    0.4715311588E+03    0.5485714286E+04
       254    0.4450000000E+03    0.5285643940E+03    0.7238620690E+04
       255    0.5510000000E+03    0.5718292440E+03    0.8568358209E+04
       256    0.5100000000E+03    0.5396056263E+03    0.7577971014E+04
       257    0.4430000000E+03    0.5180217567E+03    0.6914594595E+04
       258    0.4490000000E+03    0.5018926036E+03    0.6418867925E+04
       259    0.5020000000E+03    0.5112999157E+03    0.6708000000E+04
       260    0.4510000000E+03    0.4898259025E+03    0.6048000000E+04
       261    0.4590000000E+03    0.4890572305E+03    0.6024375000E+04
       262    0.4970000000E+03    0.4841631673E+03    0.5873956835E+04
       263    0.4510000000E+03    0.5147189727E+03    0.6813084112E+04
       264    0.4970000000E+03    0.4977784797E+03    0.6292421053E+04
       265    0.4610000000E+03    0.4436428301E+03    0.4628571429E+04
       266    0.3990000000E+03    0.4917646222E+03    0.6107586207E+04
       267    0.5020000000E+03    0.5282693394E+03    0.7229552239E+04
       268    0.4900000000E+03    0.5010806620E+03    0.6393913043E+04
       269    0.4240000000E+03    0.4828692720E+03    0.5834189189E+04
       270    0.4110000000E+03    0.4632172797E+03    0.5230188679E+04
       271    0.4480000000E+03    0.4708824970E+03    0.5465777778E+04
       272    0.4040000000E+03    0.4533851529E+03    0.4928000000E+04
       273    0.4110000000E+03    0.4527588275E+03    0.4908750000E+04
       274    0.4380000000E+03    0.4487710724E+03    0.4786187050E+04
       275    0.4100000000E+03    0.4736683952E+03    0.5551401869E+04
       276    0.4500000000E+03    0.4598650306E+03    0.5127157895E+04
       277    0.4100000000E+03    0.4157545012E+03    0.3771428571E+04
       278    0.3830000000E+03    0.4549648504E+03    0.4976551724E+04
       279    0.4600000000E+03    0.4847094348E+03    0.5890746269E+04
       280    0.4420000000E+03    0.4625556976E+03    0.5209855072E+04
       281    0.3990000000E+03    0.4477167873E+03    0.4753783784E+04
       282    0.5630000000E+03    0.5101021356E+03    0.6671186441E+04
       283    0.5300000000E+03    0.5086536232E+03    0.6626666667E+04
       284    0.5700000000E+03    0.5105304345E+03    0.6684350133E+04
       285    0.5780000000E+03    0.5313848840E+03    0.7325307951E+04
       286    0.5370000000E+03    0.5001896818E+03    0.6366528926E+04
       287    0.5690000000E+03    0.5168851444E+03    0.6879661017E+04
       288    0.5760000000E+03    0.4824009443E+03    0.5819795222E+04
       289    0.5490000000E+03    0.5228929856E+03    0.7064310954E+04
       290    0.5220000000E+03    0.4960203845E+03    0.6238386308E+04
       291    0.5700000000E+03    0.5091642926E+03    0.6642362003E+04
       292    0.5100000000E+03    0.4790940954E+03    0.5718159806E+04
       293    0.5100000000E+03    0.4778525134E+03    0.5680000000E+04
       294    0.5170000000E+03    0.4794612088E+03    0.5729442971E+04
       295    0.5400000000E+03    0.4973364512E+03    0.6278835386E+04
       296    0.5180000000E+03    0.4705977065E+03    0.5457024793E+04
       297    0.5230000000E+03    0.4849081030E+03    0.5896852300E+04
       298    0.5370000000E+03    0.4553502172E+03    0.4988395904E+04
       299    0.5360000000E+03    0.4900576811E+03    0.6055123675E+04
       300    0.5030000000E+03    0.4670240231E+03    0.5347188264E+04
       301    0.5400000000E+03    0.4782902300E+03    0.5693453145E+04
       302    0.4900000000E+03    0.4480860553E+03    0.4765133172E+04
       303    0.4770000000E+03    0.4470514036E+03    0.4733333333E+04
       304    0.4830000000E+03    0.4483919831E+03    0.4774535809E+04
       305    0.5030000000E+03    0.4632880184E+03    0.5232362822E+04
       306    0.4710000000E+03    0.4410057312E+03    0.4547520661E+04
       307    0.4760000000E+03    0.4529310616E+03    0.4914043584E+04
       308    0.5020000000E+03    0.4282994901E+03    0.4156996587E+04
       309    0.4960000000E+03    0.4572223767E+03    0.5045936396E+04
       310    0.4710000000E+03    0.4380276616E+03    0.4455990220E+04
       311    0.4970000000E+03    0.4474161675E+03    0.4744544288E+04
       312    0.5910000000E+03    0.5645113042E+03    0.8343442623E+04
       313    0.5900000000E+03    0.5682295262E+03    0.8457721519E+04
       314    0.6060000000E+03    0.5734832908E+03    0.8619195046E+04
       315    0.5840000000E+03    0.5660305699E+03    0.8390136986E+04
       316    0.6040000000E+03    0.5679193316E+03    0.8448187744E+04
       317    0.5910000000E+03    0.5761123918E+03    0.8700000000E+04
       318    0.5880000000E+03    0.5938276078E+03    0.9244474035E+04
       319    0.5880000000E+03    0.5530937943E+03    0.7992527473E+04
       320    0.5500000000E+03    0.5901524920E+03    0.9131520000E+04
       321    0.6090000000E+03    0.5713549710E+03    0.8553781513E+04
       322    0.6040000000E+03    0.5605210264E+03    0.8220802139E+04
       323    0.6190000000E+03    0.5957697902E+03    0.9304166667E+04
       324    0.6430000000E+03    0.5554578664E+03    0.8065186813E+04
       325    0.5690000000E+03    0.5894951937E+03    0.9111318052E+04
       326    0.5510000000E+03    0.5177069163E+03    0.6904918033E+04
       327    0.5430000000E+03    0.5207840656E+03    0.6999493671E+04
       328    0.5430000000E+03    0.5251320087E+03    0.7133126935E+04
       329    0.5240000000E+03    0.5189642397E+03    0.6943561644E+04
       330    0.5710000000E+03    0.5205273529E+03    0.6991603651E+04
       331    0.5420000000E+03    0.5273078164E+03    0.7200000000E+04
       332    0.5310000000E+03    0.5419686849E+03    0.7650599201E+04
       333    0.5310000000E+03    0.5082579426E+03    0.6614505495E+04
       334    0.5120000000E+03    0.5389272097E+03    0.7557120000E+04
       335    0.5630000000E+03    0.5233706406E+03    0.7078991597E+04
       336    0.5500000000E+03    0.5144046174E+03    0.6803422460E+04
       337    0.5830000000E+03    0.5435760082E+03    0.7700000000E+04
       338    0.5830000000E+03    0.5102144161E+03    0.6674637363E+04
       339    0.5500000000E+03    0.5383832387E+03    0.7540401146E+04
       340    0.4820000000E+03    0.4709025285E+03    0.5466393443E+04
       341    0.4820000000E+03    0.4733386050E+03    0.5541265823E+04
       342    0.4900000000E+03    0.4767807266E+03    0.5647058824E+04
       343    0.4760000000E+03    0.4718979094E+03    0.5496986301E+04
       344    0.4830000000E+03    0.4731353741E+03    0.5535019557E+04
       345    0.4800000000E+03    0.4785032410E+03    0.5700000000E+04
       346    0.4910000000E+03    0.4901097619E+03    0.6056724368E+04
       347    0.4710000000E+03    0.4634220909E+03    0.5236483516E+04
       348    0.4690000000E+03    0.4877019274E+03    0.5982720000E+04
       349    0.4900000000E+03    0.4753863102E+03    0.5604201681E+04
       350    0.4830000000E+03    0.4682882085E+03    0.5386042781E+04
       351    0.4980000000E+03    0.4913822262E+03    0.6095833333E+04
       352    0.4910000000E+03    0.4649709658E+03    0.5284087912E+04
       353    0.4630000000E+03    0.4872712837E+03    0.5969484241E+04
       354    0.6000000000E+03    0.5567914136E+03    0.8106173149E+04
       355    0.6150000000E+03    0.5543440661E+03    0.8030954357E+04
       356    0.6070000000E+03    0.5393385413E+03    0.7569762203E+04
       357    0.5960000000E+03    0.5423417191E+03    0.7662064343E+04
       358    0.6180000000E+03    0.5589614434E+03    0.8172868633E+04
       359    0.5850000000E+03    0.5665439455E+03    0.8405915493E+04
       360    0.5510000000E+03    0.5113180413E+03    0.6708557089E+04
       361    0.5560000000E+03    0.5092926503E+03    0.6646307054E+04
       362    0.5500000000E+03    0.4968742849E+03    0.6264630788E+04
       363    0.5370000000E+03    0.4993596735E+03    0.6341018767E+04
       364    0.5430000000E+03    0.5131139281E+03    0.6763753351E+04
       365    0.5430000000E+03    0.5193891022E+03    0.6956619718E+04
       366    0.4710000000E+03    0.4658446691E+03    0.5310941029E+04
       367    0.4760000000E+03    0.4642412345E+03    0.5261659751E+04
       368    0.4820000000E+03    0.4544100286E+03    0.4959499374E+04
       369    0.4770000000E+03    0.4563776279E+03    0.5019973190E+04
       370    0.4910000000E+03    0.4672664128E+03    0.5354638070E+04
       371    0.4790000000E+03    0.4722342590E+03    0.5507323944E+04
       372    0.7810000000E+03    0.7665136183E+03    0.1455194805E+05
       373    0.6980000000E+03    0.7411633651E+03    0.1377281250E+05
       374    0.9060000000E+03    0.7474781582E+03    0.1396689655E+05
       375    0.7400000000E+03    0.6866515860E+03    0.1209740260E+05
       376    0.6780000000E+03    0.6655772790E+03    0.1144968750E+05
       377    0.7700000000E+03    0.6708269263E+03    0.1161103448E+05
       378    0.7940000000E+03    0.8162089679E+03    0.1607932584E+05
       379    0.8550000000E+03    0.8132054927E+03    0.1598701456E+05
       380    0.7680000000E+03    0.8230751480E+03    0.1629035667E+05
       381    0.7450000000E+03    0.7300409257E+03    0.1343096629E+05
       382    0.7070000000E+03    0.7275321405E+03    0.1335385922E+05
       383    0.7180000000E+03    0.7357762055E+03    0.1360723910E+05
       384    0.8740000000E+03    0.7184048426E+03    0.1307333333E+05
       385    0.8290000000E+03    0.7264920669E+03    0.1332189274E+05
       386    0.7000000000E+03    0.7466628410E+03    0.1394183792E+05
       387    0.8060000000E+03    0.6533294621E+03    0.1107325301E+05
       388    0.7200000000E+03    0.6538885169E+03    0.1109043546E+05
       389    0.6880000000E+03    0.6704449709E+03    0.1159929515E+05
       390    0.1034000000E+04    0.1126492702E+04    0.2561584158E+05
       391    0.1139000000E+04    0.1191209829E+04    0.2760491103E+05
       392    0.1002000000E+04    0.9620581361E+03    0.2056197425E+05
       393    0.1056000000E+04    0.1126492702E+04    0.2561584158E+05
       394    0.1124000000E+04    0.1191209829E+04    0.2760491103E+05
       395    0.1082000000E+04    0.9620581361E+03    0.2056197425E+05
       396    0.1054000000E+04    0.1126492702E+04    0.2561584158E+05
       397    0.1190000000E+04    0.1191209829E+04    0.2760491103E+05
       398    0.9350000000E+03    0.9620581361E+03    0.2056197425E+05
       399    0.1037000000E+04    0.1083196762E+04    0.2428514851E+05
       400    0.1110000000E+04    0.1144551960E+04    0.2617088968E+05
       401    0.1035000000E+04    0.9273042512E+03    0.1949381974E+05
       402    0.9270000000E+03    0.1089912849E+04    0.2449156627E+05
       403    0.9760000000E+03    0.1153131043E+04    0.2643456628E+05
       404    0.9860000000E+03    0.9673434162E+03    0.2072441640E+05
       405    0.9560000000E+03    0.1089912849E+04    0.2449156627E+05
       406    0.9460000000E+03    0.1153131043E+04    0.2643456628E+05
       407    0.1089000000E+04    0.9673434162E+03    0.2072441640E+05
       408    0.9600000000E+03    0.1089912849E+04    0.2449156627E+05
       409    0.1033000000E+04    0.1153131043E+04    0.2643456628E+05
       410    0.1080000000E+04    0.9673434162E+03    0.2072441640E+05
       411    0.9240000000E+03    0.1048517161E+04    0.2321927711E+05
       412    0.1009000000E+04    0.1108451293E+04    0.2506134206E+05
       413    0.1053000000E+04    0.9323149714E+03    0.1964782334E+05
       414    0.8540000000E+03    0.9382067173E+03    0.1982890511E+05
       415    0.1086000000E+04    0.9857033155E+03    0.2128870466E+05
       416    0.8890000000E+03    0.8858619192E+03    0.1822009699E+05
       417    0.8840000000E+03    0.9382067173E+03    0.1982890511E+05
       418    0.1057000000E+04    0.9857033155E+03    0.2128870466E+05
       419    0.9000000000E+03    0.8858619192E+03    0.1822009699E+05
       420    0.8760000000E+03    0.9382067173E+03    0.1982890511E+05
       421    0.1068000000E+04    0.9857033155E+03    0.2128870466E+05
       422    0.8380000000E+03    0.8858619192E+03    0.1822009699E+05
       423    0.8730000000E+03    0.9046918674E+03    0.1879883212E+05
       424    0.1120000000E+04    0.9497211099E+03    0.2018279793E+05
       425    0.8980000000E+03    0.8550662797E+03    0.1727359845E+05
       426    0.1074000000E+04    0.1004559919E+04    0.2186825904E+05
       427    0.1006000000E+04    0.1009551365E+04    0.2202167024E+05
       428    0.8580000000E+03    0.9009075096E+03    0.1868252055E+05
       429    0.1144000000E+04    0.1004559919E+04    0.2186825904E+05
       430    0.1028000000E+04    0.1009551365E+04    0.2202167024E+05
       431    0.9480000000E+03    0.9009075096E+03    0.1868252055E+05
       432    0.1080000000E+04    0.1004559919E+04    0.2186825904E+05
       433    0.1030000000E+04    0.1009551365E+04    0.2202167024E+05
       434    0.9570000000E+03    0.9009075096E+03    0.1868252055E+05
       435    0.1104000000E+04    0.9675981494E+03    0.2073224558E+05
       436    0.1008000000E+04    0.9723302992E+03    0.2087768737E+05
       437    0.8820000000E+03    0.8693302807E+03    0.1771200000E+05
