     Index       y_measurement           y_fitting        descriptor_1        descriptor_2        descriptor_3
         1    0.2320000000E+03    0.2580827706E+03    0.0000000000E+00    0.4672669732E+01    0.8033333333E-03
         2    0.2350000000E+03    0.2768858595E+03    0.0000000000E+00    0.5360508134E+01    0.1266666667E-02
         3    0.2350000000E+03    0.2253306456E+03    0.0000000000E+00    0.3606668794E+01    0.3666666667E-04
         4    0.2410000000E+03    0.2512357582E+03    0.0000000000E+00    0.4265369653E+01    0.5866666667E-03
         5    0.2250000000E+03    0.2184035614E+03    0.0000000000E+00    0.5165413335E+01    0.4200000000E-03
         6    0.2450000000E+03    0.2613998641E+03    0.0000000000E+00    0.4341310761E+01    0.7466666667E-03
         7    0.2550000000E+03    0.2484059153E+03    0.0000000000E+00    0.3604923973E+01    0.3466666667E-03
         8    0.2450000000E+03    0.2421546244E+03    0.0000000000E+00    0.3923701139E+01    0.3600000000E-03
         9    0.2750000000E+03    0.2535758405E+03    0.0000000000E+00    0.4107850855E+01    0.5700000000E-03
        10    0.2390000000E+03    0.2587408204E+03    0.0000000000E+00    0.3782375833E+01    0.5400000000E-03
        11    0.2550000000E+03    0.2575810529E+03    0.0000000000E+00    0.3735299790E+01    0.5100000000E-03
        12    0.3970000000E+03    0.4067702602E+03    0.6615000000E+04    0.4717440421E+01    0.1284424593E-03
        13    0.4190000000E+03    0.4426723763E+03    0.6615000000E+04    0.3017483954E+01    0.9186547556E-04
        14    0.4010000000E+03    0.4184324576E+03    0.6426000000E+04    0.3771955373E+01    0.7316657909E-04
        15    0.3940000000E+03    0.4368535641E+03    0.6804000000E+04    0.3535559827E+01    0.9510667367E-04
        16    0.4260000000E+03    0.3959412852E+03    0.6237000000E+04    0.4624105147E+01    0.1078644246E-03
        17    0.4260000000E+03    0.4548351479E+03    0.7182000000E+04    0.3208384301E+01    0.8337782449E-04
        18    0.4540000000E+03    0.4209039711E+03    0.6237000000E+04    0.3481906014E+01    0.9459379926E-04
        19    0.4180000000E+03    0.4055528953E+03    0.6048000000E+04    0.3777956872E+01    0.5536311088E-04
        20    0.4160000000E+03    0.4503891537E+03    0.6993000000E+04    0.3319480406E+01    0.1343552286E-03
        21    0.3950000000E+03    0.4210766601E+03    0.6615000000E+04    0.3977662242E+01    0.9479768786E-04
        22    0.4330000000E+03    0.4308586856E+03    0.6993000000E+04    0.4093637151E+01    0.1082080925E-03
        23    0.3790000000E+03    0.3931628522E+03    0.6048000000E+04    0.4429274074E+01    0.8775197057E-04
        24    0.3820000000E+03    0.3750236449E+03    0.5565000000E+04    0.4717440421E+01    0.1281242775E-03
        25    0.3850000000E+03    0.4106454154E+03    0.5565000000E+04    0.3017483954E+01    0.8777456647E-04
        26    0.3650000000E+03    0.3875865835E+03    0.5406000000E+04    0.3771955373E+01    0.7277263969E-04
        27    0.3790000000E+03    0.4041364027E+03    0.5724000000E+04    0.3535559827E+01    0.9392485549E-04
        28    0.3770000000E+03    0.3660074112E+03    0.5247000000E+04    0.4624105147E+01    0.1075462428E-03
        29    0.3940000000E+03    0.4203277630E+03    0.6042000000E+04    0.3208384301E+01    0.8249903661E-04
        30    0.4250000000E+03    0.3907888294E+03    0.5247000000E+04    0.3481906014E+01    0.9183622351E-04
        31    0.3950000000E+03    0.3765197625E+03    0.5088000000E+04    0.3777956872E+01    0.5496917148E-04
        32    0.3930000000E+03    0.4165798504E+03    0.5883000000E+04    0.3319480406E+01    0.1306734104E-03
        33    0.3750000000E+03    0.3893536884E+03    0.5565000000E+04    0.3977662242E+01    0.9479768786E-04
        34    0.3890000000E+03    0.3973229727E+03    0.5883000000E+04    0.4093637151E+01    0.1082080925E-03
        35    0.3580000000E+03    0.3641117052E+03    0.5088000000E+04    0.4429274074E+01    0.8711560694E-04
        36    0.3440000000E+03    0.3432806671E+03    0.4515000000E+04    0.4717440421E+01    0.1278550467E-03
        37    0.3690000000E+03    0.3786652220E+03    0.4515000000E+04    0.3017483954E+01    0.8431302801E-04
        38    0.3250000000E+03    0.3567452130E+03    0.4386000000E+04    0.3771955373E+01    0.7243930636E-04
        39    0.3380000000E+03    0.3714327520E+03    0.4644000000E+04    0.3535559827E+01    0.9292485549E-04
        40    0.3620000000E+03    0.3360771746E+03    0.4257000000E+04    0.4624105147E+01    0.1072770120E-03
        41    0.3610000000E+03    0.3858304245E+03    0.4902000000E+04    0.3208384301E+01    0.8175544687E-04
        42    0.3850000000E+03    0.3607052126E+03    0.4257000000E+04    0.3481906014E+01    0.8950289017E-04
        43    0.3480000000E+03    0.3474911332E+03    0.4128000000E+04    0.3777956872E+01    0.5463583815E-04
        44    0.3680000000E+03    0.3828126380E+03    0.4773000000E+04    0.3319480406E+01    0.1275580258E-03
        45    0.3410000000E+03    0.3576307167E+03    0.4515000000E+04    0.3977662242E+01    0.9479768786E-04
        46    0.3650000000E+03    0.3637872598E+03    0.4773000000E+04    0.4093637151E+01    0.1082080925E-03
        47    0.3250000000E+03    0.3350678332E+03    0.4128000000E+04    0.4429274074E+01    0.8657714540E-04
        48    0.5130000000E+03    0.4828372942E+03    0.7965000000E+04    0.3519509845E+01    0.2369822485E-03
        49    0.4480000000E+03    0.4827287693E+03    0.7965000000E+04    0.3447260470E+01    0.2134330285E-03
        50    0.4650000000E+03    0.4631902949E+03    0.7965000000E+04    0.4286236018E+01    0.2069951587E-03
        51    0.4460000000E+03    0.4610477365E+03    0.7788000000E+04    0.4102924513E+01    0.1940828402E-03
        52    0.4370000000E+03    0.4418785234E+03    0.7434000000E+04    0.4458046444E+01    0.1886153846E-03
        53    0.5020000000E+03    0.4970356595E+03    0.8496000000E+04    0.3627087459E+01    0.2450511027E-03
        54    0.4650000000E+03    0.4734526615E+03    0.8319000000E+04    0.4241375820E+01    0.1874556213E-03
        55    0.4750000000E+03    0.4614489402E+03    0.7611000000E+04    0.4033665548E+01    0.2502721893E-03
        56    0.5040000000E+03    0.5055547063E+03    0.8673000000E+04    0.3521892814E+01    0.2555696611E-03
        57    0.4860000000E+03    0.4686180292E+03    0.7965000000E+04    0.4145405008E+01    0.2369822485E-03
        58    0.4520000000E+03    0.4630462640E+03    0.7434000000E+04    0.3482057134E+01    0.1750898332E-03
        59    0.4590000000E+03    0.4417409977E+03    0.6615000000E+04    0.3519509845E+01    0.2328155819E-03
        60    0.4150000000E+03    0.4416786341E+03    0.6615000000E+04    0.3447260470E+01    0.2098875740E-03
        61    0.4370000000E+03    0.4222144681E+03    0.6615000000E+04    0.4286236018E+01    0.2044497041E-03
        62    0.4150000000E+03    0.4211674293E+03    0.6468000000E+04    0.4102924513E+01    0.1940828402E-03
        63    0.4010000000E+03    0.4037861879E+03    0.6174000000E+04    0.4458046444E+01    0.1882820513E-03
        64    0.4630000000E+03    0.4532765454E+03    0.7056000000E+04    0.3627087459E+01    0.2416420118E-03
        65    0.4420000000E+03    0.4308532424E+03    0.6909000000E+04    0.4241375820E+01    0.1874556213E-03
        66    0.4380000000E+03    0.4222025391E+03    0.6321000000E+04    0.4033665548E+01    0.2466055227E-03
        67    0.4680000000E+03    0.4609083617E+03    0.7203000000E+04    0.3521892814E+01    0.2524181460E-03
        68    0.4520000000E+03    0.4275217326E+03    0.6615000000E+04    0.4145405008E+01    0.2328155819E-03
        69    0.4220000000E+03    0.4247152407E+03    0.6174000000E+04    0.3482057134E+01    0.1715443787E-03
        70    0.4130000000E+03    0.4006923348E+03    0.5265000000E+04    0.3519509845E+01    0.2292899408E-03
        71    0.3950000000E+03    0.4006690308E+03    0.5265000000E+04    0.3447260470E+01    0.2068875740E-03
        72    0.3980000000E+03    0.3812677413E+03    0.5265000000E+04    0.4286236018E+01    0.2022958580E-03
        73    0.3780000000E+03    0.3812871220E+03    0.5148000000E+04    0.4102924513E+01    0.1940828402E-03
        74    0.3720000000E+03    0.3656976631E+03    0.4914000000E+04    0.4458046444E+01    0.1880000000E-03
        75    0.4150000000E+03    0.4095564043E+03    0.5616000000E+04    0.3627087459E+01    0.2387573964E-03
        76    0.3960000000E+03    0.3882538234E+03    0.5499000000E+04    0.4241375820E+01    0.1874556213E-03
        77    0.3880000000E+03    0.3829980557E+03    0.5031000000E+04    0.4033665548E+01    0.2435029586E-03
        78    0.4150000000E+03    0.4162980454E+03    0.5733000000E+04    0.3521892814E+01    0.2497514793E-03
        79    0.3980000000E+03    0.3864730697E+03    0.5265000000E+04    0.4145405008E+01    0.2292899408E-03
        80    0.3820000000E+03    0.3864247492E+03    0.4914000000E+04    0.3482057134E+01    0.1685443787E-03
        81    0.5230000000E+03    0.5127862745E+03    0.9075000000E+04    0.3975888385E+01    0.3282424242E-03
        82    0.5340000000E+03    0.5191119850E+03    0.8910000000E+04    0.3418151785E+01    0.3099393939E-03
        83    0.4890000000E+03    0.5059726065E+03    0.8580000000E+04    0.3335237284E+01    0.2419393939E-03
        84    0.5000000000E+03    0.5163819684E+03    0.9240000000E+04    0.3434411305E+01    0.1440000000E-03
        85    0.4950000000E+03    0.4841672854E+03    0.8910000000E+04    0.4953551536E+01    0.3090909091E-03
        86    0.5220000000E+03    0.5268025979E+03    0.9405000000E+04    0.3858442817E+01    0.3467878788E-03
        87    0.5310000000E+03    0.5231309696E+03    0.8745000000E+04    0.2961158337E+01    0.2913939394E-03
        88    0.5330000000E+03    0.5436473072E+03    0.9405000000E+04    0.3021036982E+01    0.3174545455E-03
        89    0.4920000000E+03    0.5223937407E+03    0.9240000000E+04    0.3638612917E+01    0.2873333333E-03
        90    0.5050000000E+03    0.4902516716E+03    0.8580000000E+04    0.4319033022E+01    0.3311515152E-03
        91    0.5410000000E+03    0.5175232599E+03    0.8910000000E+04    0.3416322506E+01    0.2880000000E-03
        92    0.4680000000E+03    0.4627287275E+03    0.7425000000E+04    0.3975888385E+01    0.3254545455E-03
        93    0.4590000000E+03    0.4698459681E+03    0.7290000000E+04    0.3418151785E+01    0.3056060606E-03
        94    0.4440000000E+03    0.4587760329E+03    0.7020000000E+04    0.3335237284E+01    0.2410606061E-03
        95    0.4580000000E+03    0.4655666676E+03    0.7560000000E+04    0.3434411305E+01    0.1432121212E-03
        96    0.4450000000E+03    0.4352232720E+03    0.7290000000E+04    0.4953551536E+01    0.3090909091E-03
        97    0.4640000000E+03    0.4748805188E+03    0.7695000000E+04    0.3858442817E+01    0.3433030303E-03
        98    0.4660000000E+03    0.4747217844E+03    0.7155000000E+04    0.2961158337E+01    0.2863939394E-03
        99    0.4860000000E+03    0.4916801927E+03    0.7695000000E+04    0.3021036982E+01    0.3133636364E-03
       100    0.4610000000E+03    0.4714399560E+03    0.7560000000E+04    0.3638612917E+01    0.2846818182E-03
       101    0.4640000000E+03    0.4429312506E+03    0.7020000000E+04    0.4319033022E+01    0.3286060606E-03
       102    0.4750000000E+03    0.4682144594E+03    0.7290000000E+04    0.3416322506E+01    0.2830909091E-03
       103    0.4190000000E+03    0.4127030516E+03    0.5775000000E+04    0.3975888385E+01    0.3230955711E-03
       104    0.4180000000E+03    0.4206294903E+03    0.5670000000E+04    0.3418151785E+01    0.3019393939E-03
       105    0.4020000000E+03    0.4115895057E+03    0.5460000000E+04    0.3335237284E+01    0.2403170163E-03
       106    0.3980000000E+03    0.4147603740E+03    0.5880000000E+04    0.3434411305E+01    0.1425454545E-03
       107    0.4110000000E+03    0.3862792586E+03    0.5670000000E+04    0.4953551536E+01    0.3090909091E-03
       108    0.4280000000E+03    0.4229982788E+03    0.5985000000E+04    0.3858442817E+01    0.3403543124E-03
       109    0.4150000000E+03    0.4263697595E+03    0.5565000000E+04    0.2961158337E+01    0.2821631702E-03
       110    0.4250000000E+03    0.4397598457E+03    0.5985000000E+04    0.3021036982E+01    0.3099020979E-03
       111    0.4120000000E+03    0.4205164836E+03    0.5880000000E+04    0.3638612917E+01    0.2824382284E-03
       112    0.4100000000E+03    0.3956399294E+03    0.5460000000E+04    0.4319033022E+01    0.3264522145E-03
       113    0.4150000000E+03    0.4189617800E+03    0.5670000000E+04    0.3416322506E+01    0.2789370629E-03
       114    0.5820000000E+03    0.5708214161E+03    0.8256000000E+04    0.1366423588E+01    0.6444444444E-03
       115    0.5240000000E+03    0.5587074772E+03    0.8064000000E+04    0.1421087031E+01    0.5761977671E-03
       116    0.5830000000E+03    0.5584028466E+03    0.7680000000E+04    0.1095987528E+01    0.6288325359E-03
       117    0.5690000000E+03    0.5559192570E+03    0.8064000000E+04    0.1583797990E+01    0.5884210526E-03
       118    0.5360000000E+03    0.5342493144E+03    0.7488000000E+04    0.1531453897E+01    0.5149867092E-03
       119    0.5770000000E+03    0.5766584963E+03    0.8064000000E+04    0.1054337437E+01    0.7056459330E-03
       120    0.5650000000E+03    0.5558820757E+03    0.8064000000E+04    0.1514362384E+01    0.5666921850E-03
       121    0.5620000000E+03    0.5633547050E+03    0.7680000000E+04    0.1061170715E+01    0.6848272196E-03
       122    0.5220000000E+03    0.5288751401E+03    0.6966000000E+04    0.1366423588E+01    0.6044444444E-03
       123    0.5040000000E+03    0.5178432100E+03    0.6804000000E+04    0.1421087031E+01    0.5385614035E-03
       124    0.5160000000E+03    0.5187624822E+03    0.6480000000E+04    0.1095987528E+01    0.5832719298E-03
       125    0.5170000000E+03    0.5152508940E+03    0.6804000000E+04    0.1583797990E+01    0.5534210526E-03
       126    0.5110000000E+03    0.4964520579E+03    0.6318000000E+04    0.1531453897E+01    0.4820321637E-03
       127    0.5180000000E+03    0.5348079529E+03    0.6804000000E+04    0.1054337437E+01    0.6547368421E-03
       128    0.5240000000E+03    0.5152092092E+03    0.6804000000E+04    0.1514362384E+01    0.5316315789E-03
       129    0.5030000000E+03    0.5233169028E+03    0.6480000000E+04    0.1061170715E+01    0.6339181287E-03
       130    0.4830000000E+03    0.4873861470E+03    0.5676000000E+04    0.1366423588E+01    0.5705982906E-03
       131    0.4570000000E+03    0.4774092046E+03    0.5544000000E+04    0.1421087031E+01    0.5067152497E-03
       132    0.4820000000E+03    0.4796429701E+03    0.5280000000E+04    0.1095987528E+01    0.5447206478E-03
       133    0.4700000000E+03    0.4749826537E+03    0.5544000000E+04    0.1583797990E+01    0.5238056680E-03
       134    0.4590000000E+03    0.4590315402E+03    0.5148000000E+04    0.1531453897E+01    0.4541475484E-03
       135    0.4900000000E+03    0.4935394060E+03    0.5544000000E+04    0.1054337437E+01    0.6116599190E-03
       136    0.4850000000E+03    0.4749371581E+03    0.5544000000E+04    0.1514362384E+01    0.5019649123E-03
       137    0.4830000000E+03    0.4838610971E+03    0.5280000000E+04    0.1061170715E+01    0.5908412056E-03
       138    0.5870000000E+03    0.5648629786E+03    0.8111307140E+04    0.9589137107E+00    0.4985007974E-03
       139    0.5710000000E+03    0.5635289325E+03    0.7807526111E+04    0.9368026160E+00    0.5972993089E-03
       140    0.5780000000E+03    0.5706862180E+03    0.8192827132E+04    0.1042110714E+01    0.5691578947E-03
       141    0.5260000000E+03    0.5571811808E+03    0.8111307140E+04    0.1314063380E+01    0.5037033493E-03
       142    0.5350000000E+03    0.5472035489E+03    0.7737670069E+04    0.1209664485E+01    0.4894258373E-03
       143    0.5720000000E+03    0.5681943362E+03    0.8030598286E+04    0.8719648830E+00    0.5495640617E-03
       144    0.5620000000E+03    0.5717484733E+03    0.8336621228E+04    0.1186646448E+01    0.5691780968E-03
       145    0.5630000000E+03    0.5577675766E+03    0.8126157296E+04    0.1170773665E+01    0.4617490696E-03
       146    0.5830000000E+03    0.5624912349E+03    0.7965248601E+04    0.1056386999E+01    0.5557682084E-03
       147    0.5850000000E+03    0.5483001218E+03    0.7585569213E+04    0.1026010354E+01    0.5098755981E-03
       148    0.5920000000E+03    0.5561786536E+03    0.7885993053E+04    0.1135819887E+01    0.5273258905E-03
       149    0.5730000000E+03    0.5724671046E+03    0.8336621228E+04    0.1060831979E+01    0.5403838384E-03
       150    0.5360000000E+03    0.5818974323E+03    0.8561935315E+04    0.1039912132E+01    0.5692876130E-03
       151    0.5570000000E+03    0.5529521002E+03    0.7660678966E+04    0.9931153871E+00    0.5318841042E-03
       152    0.5520000000E+03    0.5238024108E+03    0.6843915400E+04    0.9589137107E+00    0.4612280702E-03
       153    0.5190000000E+03    0.5232268862E+03    0.6587600156E+04    0.9368026160E+00    0.5509356725E-03
       154    0.5240000000E+03    0.5290010067E+03    0.6912697893E+04    0.1042110714E+01    0.5286578947E-03
       155    0.5080000000E+03    0.5165338132E+03    0.6843915400E+04    0.1314063380E+01    0.4719912281E-03
       156    0.4900000000E+03    0.5081150913E+03    0.6528659121E+04    0.1209664485E+01    0.4549561404E-03
       157    0.5500000000E+03    0.5269349378E+03    0.6775817304E+04    0.8719648830E+00    0.5044883041E-03
       158    0.5150000000E+03    0.5297008300E+03    0.7034024161E+04    0.1186646448E+01    0.5329356725E-03
       159    0.5300000000E+03    0.5171266665E+03    0.6856445219E+04    0.1170773665E+01    0.4310672515E-03
       160    0.5460000000E+03    0.5219625387E+03    0.6720678507E+04    0.1056386999E+01    0.5163742690E-03
       161    0.5350000000E+03    0.5096335755E+03    0.6400324023E+04    0.1026010354E+01    0.4714210526E-03
       162    0.5500000000E+03    0.5161929805E+03    0.6653806639E+04    0.1135819887E+01    0.4902046784E-03
       163    0.5420000000E+03    0.5302066688E+03    0.7034024161E+04    0.1060831979E+01    0.5012777778E-03
       164    0.5920000000E+03    0.5385913749E+03    0.7224132922E+04    0.1039912132E+01    0.5304239766E-03
       165    0.5240000000E+03    0.5137519689E+03    0.6463697877E+04    0.9931153871E+00    0.4910204678E-03
       166    0.4970000000E+03    0.4831679476E+03    0.5576523659E+04    0.9589137107E+00    0.4296896086E-03
       167    0.4910000000E+03    0.4834548724E+03    0.5367674201E+04    0.9368026160E+00    0.5117049033E-03
       168    0.4630000000E+03    0.4877787944E+03    0.5632568653E+04    0.1042110714E+01    0.4943886640E-03
       169    0.4640000000E+03    0.4762489810E+03    0.5576523659E+04    0.1314063380E+01    0.4451578947E-03
       170    0.4590000000E+03    0.4694206937E+03    0.5319648173E+04    0.1209664485E+01    0.4257894737E-03
       171    0.4890000000E+03    0.4861908488E+03    0.5521036321E+04    0.8719648830E+00    0.4663472785E-03
       172    0.4770000000E+03    0.4880675128E+03    0.5731427094E+04    0.1186646448E+01    0.5022690058E-03
       173    0.4690000000E+03    0.4768365132E+03    0.5586733141E+04    0.1170773665E+01    0.4051057130E-03
       174    0.4960000000E+03    0.4818841970E+03    0.5476108413E+04    0.1056386999E+01    0.4830409357E-03
       175    0.4670000000E+03    0.4714066446E+03    0.5215078834E+04    0.1026010354E+01    0.4388825911E-03
       176    0.5110000000E+03    0.4766316798E+03    0.5421620224E+04    0.1135819887E+01    0.4587944220E-03
       177    0.4900000000E+03    0.4883932964E+03    0.5731427094E+04    0.1060831979E+01    0.4681880342E-03
       178    0.5230000000E+03    0.4957296095E+03    0.5886330529E+04    0.1039912132E+01    0.4975393612E-03
       179    0.4760000000E+03    0.4750189939E+03    0.5266716789E+04    0.9931153871E+00    0.4564435448E-03
       180    0.6100000000E+03    0.6146688300E+03    0.9614882512E+04    0.1077946571E+01    0.5938266879E-03
       181    0.5810000000E+03    0.5852941857E+03    0.8875562727E+04    0.1189001311E+01    0.5330653907E-03
       182    0.6250000000E+03    0.6420687391E+03    0.1028760949E+05    0.9289814013E+00    0.6434981393E-03
       183    0.5620000000E+03    0.5929212537E+03    0.9103141258E+04    0.1139032166E+01    0.5279000532E-03
       184    0.6350000000E+03    0.6043525843E+03    0.9424495082E+04    0.1169905091E+01    0.5605188729E-03
       185    0.5660000000E+03    0.5978402035E+03    0.9237877576E+04    0.1180901265E+01    0.5521158958E-03
       186    0.6380000000E+03    0.5990901101E+03    0.9054860987E+04    0.9492308669E+00    0.5725188729E-03
       187    0.6060000000E+03    0.5783603487E+03    0.8590509142E+04    0.1113436565E+01    0.5325486443E-03
       188    0.5820000000E+03    0.6134319730E+03    0.9369031333E+04    0.9879371560E+00    0.6496214779E-03
       189    0.6340000000E+03    0.6145434001E+03    0.9558298321E+04    0.9995305487E+00    0.5911706539E-03
       190    0.5850000000E+03    0.5919101444E+03    0.9103141258E+04    0.1182933438E+01    0.5277150452E-03
       191    0.6030000000E+03    0.6002191097E+03    0.9194629349E+04    0.1124433251E+01    0.5844497608E-03
       192    0.6250000000E+03    0.5840321694E+03    0.9103141258E+04    0.1358482630E+01    0.4753684211E-03
       193    0.6310000000E+03    0.5827937462E+03    0.9194629349E+04    0.1683045653E+01    0.5207336523E-03
       194    0.6250000000E+03    0.6452736750E+03    0.1042211225E+05    0.9710502802E+00    0.6448038278E-03
       195    0.5510000000E+03    0.5665508954E+03    0.8112557120E+04    0.1077946571E+01    0.5570994152E-03
       196    0.5390000000E+03    0.5408419817E+03    0.7488756051E+04    0.1189001311E+01    0.4987017544E-03
       197    0.5640000000E+03    0.5904305544E+03    0.8680170505E+04    0.9289814013E+00    0.6021345029E-03
       198    0.5500000000E+03    0.5474600257E+03    0.7680775437E+04    0.1139032166E+01    0.4944152047E-03
       199    0.5900000000E+03    0.5573765994E+03    0.7951917726E+04    0.1169905091E+01    0.5270643275E-03
       200    0.5270000000E+03    0.5516697458E+03    0.7794459205E+04    0.1180901265E+01    0.5176461988E-03
       201    0.5570000000E+03    0.5534131986E+03    0.7640038958E+04    0.9492308669E+00    0.5330643275E-03
       202    0.5510000000E+03    0.5351592172E+03    0.7248242088E+04    0.1113436565E+01    0.4969122807E-03
       203    0.5830000000E+03    0.5659060509E+03    0.7905120188E+04    0.9879371560E+00    0.6052426901E-03
       204    0.5700000000E+03    0.5665214467E+03    0.8064814208E+04    0.9995305487E+00    0.5521403509E-03
       205    0.5430000000E+03    0.5464196434E+03    0.7680775437E+04    0.1182933438E+01    0.4938362573E-03
       206    0.5430000000E+03    0.5541402244E+03    0.7757968513E+04    0.1124433251E+01    0.5484649123E-03
       207    0.5630000000E+03    0.5390280512E+03    0.7680775437E+04    0.1358482630E+01    0.4480350877E-03
       208    0.5770000000E+03    0.5369681853E+03    0.7757968513E+04    0.1683045653E+01    0.4881578947E-03
       209    0.5780000000E+03    0.5930590919E+03    0.8793657211E+04    0.9710502802E+00    0.6042280702E-03
       210    0.4900000000E+03    0.5188528298E+03    0.6610231727E+04    0.1077946571E+01    0.5260224921E-03
       211    0.4960000000E+03    0.4967826255E+03    0.6101949375E+04    0.1189001311E+01    0.4696248313E-03
       212    0.5110000000E+03    0.5392652419E+03    0.7072731523E+04    0.9289814013E+00    0.5671345029E-03
       213    0.4940000000E+03    0.5023815989E+03    0.6258409615E+04    0.1139032166E+01    0.4660818713E-03
       214    0.5170000000E+03    0.5107830694E+03    0.6479340369E+04    0.1169905091E+01    0.4987566352E-03
       215    0.4800000000E+03    0.5058933482E+03    0.6351040834E+04    0.1180901265E+01    0.4884795322E-03
       216    0.5020000000E+03    0.5081873345E+03    0.6225216929E+04    0.9492308669E+00    0.4996797121E-03
       217    0.5040000000E+03    0.4923654832E+03    0.5905975035E+04    0.1113436565E+01    0.4667584345E-03
       218    0.5050000000E+03    0.5188874703E+03    0.6441209042E+04    0.9879371560E+00    0.5676914080E-03
       219    0.5020000000E+03    0.5189456907E+03    0.6571330096E+04    0.9995305487E+00    0.5191147099E-03
       220    0.4960000000E+03    0.5013164471E+03    0.6258409615E+04    0.1182933438E+01    0.4651695906E-03
       221    0.5010000000E+03    0.5084727206E+03    0.6321307677E+04    0.1124433251E+01    0.5180161943E-03
       222    0.5170000000E+03    0.4943364096E+03    0.6258409615E+04    0.1358482630E+01    0.4249068826E-03
       223    0.5230000000E+03    0.4915150329E+03    0.6321307677E+04    0.1683045653E+01    0.4605937922E-03
       224    0.5160000000E+03    0.5413083739E+03    0.7165202172E+04    0.9710502802E+00    0.5698947368E-03
       225    0.4860000000E+03    0.4649874384E+03    0.7488000000E+04    0.4020442772E+01    0.3438579882E-03
       226    0.4270000000E+03    0.4678178843E+03    0.7296000000E+04    0.3259353004E+01    0.2273243679E-03
       227    0.5100000000E+03    0.4780746987E+03    0.7680000000E+04    0.3516580626E+01    0.2878698225E-03
       228    0.4510000000E+03    0.4670789209E+03    0.7680000000E+04    0.4198270462E+01    0.3483076923E-03
       229    0.4250000000E+03    0.4931855814E+03    0.7872000000E+04    0.3358656832E+01    0.3648778913E-03
       230    0.4320000000E+03    0.4641868680E+03    0.7296000000E+04    0.3909254947E+01    0.3771543841E-03
       231    0.4820000000E+03    0.4668255574E+03    0.7680000000E+04    0.3886287975E+01    0.2495158687E-03
       232    0.4350000000E+03    0.4294655978E+03    0.6318000000E+04    0.4020442772E+01    0.3415246548E-03
       233    0.4060000000E+03    0.4331934072E+03    0.6156000000E+04    0.3259353004E+01    0.2248698225E-03
       234    0.4700000000E+03    0.4415102552E+03    0.6480000000E+04    0.3516580626E+01    0.2837031558E-03
       235    0.4380000000E+03    0.4307250182E+03    0.6480000000E+04    0.4198270462E+01    0.3469743590E-03
       236    0.4040000000E+03    0.4556460883E+03    0.6642000000E+04    0.3358656832E+01    0.3597869822E-03
       237    0.4060000000E+03    0.4293901303E+03    0.6156000000E+04    0.3909254947E+01    0.3723816568E-03
       238    0.4430000000E+03    0.4305425855E+03    0.6480000000E+04    0.3886287975E+01    0.2491370809E-03
       239    0.3970000000E+03    0.3939704321E+03    0.5148000000E+04    0.4020442772E+01    0.3395502959E-03
       240    0.3850000000E+03    0.3985969907E+03    0.5016000000E+04    0.3259353004E+01    0.2227928994E-03
       241    0.4250000000E+03    0.4049934454E+03    0.5280000000E+04    0.3516580626E+01    0.2801775148E-03
       242    0.3960000000E+03    0.3943863582E+03    0.5280000000E+04    0.4198270462E+01    0.3458461538E-03
       243    0.3800000000E+03    0.4181647949E+03    0.5412000000E+04    0.3358656832E+01    0.3554792899E-03
       244    0.3630000000E+03    0.3946479548E+03    0.5016000000E+04    0.3909254947E+01    0.3683431953E-03
       245    0.3980000000E+03    0.3942639439E+03    0.5280000000E+04    0.3886287975E+01    0.2488165680E-03
       246    0.5050000000E+03    0.4909331457E+03    0.8064000000E+04    0.3759644626E+01    0.3790962883E-03
       247    0.5360000000E+03    0.5200153694E+03    0.8256000000E+04    0.2299159871E+01    0.2458913394E-03
       248    0.4840000000E+03    0.4829350872E+03    0.8064000000E+04    0.4234773795E+01    0.4167240452E-03
       249    0.4950000000E+03    0.4958018196E+03    0.8064000000E+04    0.3548962754E+01    0.3802044110E-03
       250    0.5510000000E+03    0.4831118900E+03    0.8064000000E+04    0.4228764949E+01    0.4172662722E-03
       251    0.4770000000E+03    0.5204179450E+03    0.8640000000E+04    0.2760994825E+01    0.2363786982E-03
       252    0.5300000000E+03    0.5070017490E+03    0.7872000000E+04    0.2269281120E+01    0.2177536310E-03
       253    0.5160000000E+03    0.4695729759E+03    0.7680000000E+04    0.3847345343E+01    0.2745831092E-03
       254    0.4450000000E+03    0.4721081366E+03    0.7872000000E+04    0.4207613775E+01    0.3407810651E-03
       255    0.5510000000E+03    0.5391025594E+03    0.8832000000E+04    0.2628985956E+01    0.3694029048E-03
       256    0.5100000000E+03    0.5094404212E+03    0.8256000000E+04    0.3183967130E+01    0.3740914470E-03
       257    0.4430000000E+03    0.4800563729E+03    0.7872000000E+04    0.4009799945E+01    0.3872662722E-03
       258    0.4490000000E+03    0.4526066259E+03    0.6804000000E+04    0.3759644626E+01    0.3756114398E-03
       259    0.5020000000E+03    0.4804289507E+03    0.6966000000E+04    0.2299159871E+01    0.2376489152E-03
       260    0.4510000000E+03    0.4447493032E+03    0.6804000000E+04    0.4234773795E+01    0.4151331361E-03
       261    0.4590000000E+03    0.4574640409E+03    0.6804000000E+04    0.3548962754E+01    0.3765680473E-03
       262    0.4970000000E+03    0.4447842443E+03    0.6804000000E+04    0.4228764949E+01    0.4137662722E-03
       263    0.4510000000E+03    0.4795569587E+03    0.7290000000E+04    0.2760994825E+01    0.2353786982E-03
       264    0.4970000000E+03    0.4691897914E+03    0.6642000000E+04    0.2269281120E+01    0.2089960552E-03
       265    0.4610000000E+03    0.4332337097E+03    0.6480000000E+04    0.3847345343E+01    0.2734467456E-03
       266    0.3990000000E+03    0.4348974022E+03    0.6642000000E+04    0.4207613775E+01    0.3401143984E-03
       267    0.5020000000E+03    0.4968690856E+03    0.7452000000E+04    0.2628985956E+01    0.3621301775E-03
       268    0.4900000000E+03    0.4699688430E+03    0.6966000000E+04    0.3183967130E+01    0.3673944773E-03
       269    0.4240000000E+03    0.4426970216E+03    0.6642000000E+04    0.4009799945E+01    0.3845996055E-03
       270    0.4110000000E+03    0.4143199452E+03    0.5544000000E+04    0.3759644626E+01    0.3726627219E-03
       271    0.4480000000E+03    0.4409367601E+03    0.5676000000E+04    0.2299159871E+01    0.2306745562E-03
       272    0.4040000000E+03    0.4065817066E+03    0.5544000000E+04    0.4234773795E+01    0.4137869822E-03
       273    0.4110000000E+03    0.4191678334E+03    0.5544000000E+04    0.3548962754E+01    0.3734911243E-03
       274    0.4380000000E+03    0.4064966109E+03    0.5544000000E+04    0.4228764949E+01    0.4108047337E-03
       275    0.4100000000E+03    0.4387074044E+03    0.5940000000E+04    0.2760994825E+01    0.2345325444E-03
       276    0.4500000000E+03    0.4314779511E+03    0.5412000000E+04    0.2269281120E+01    0.2015857988E-03
       277    0.4100000000E+03    0.3969074344E+03    0.5280000000E+04    0.3847345343E+01    0.2724852071E-03
       278    0.3830000000E+03    0.3976942892E+03    0.5412000000E+04    0.4207613775E+01    0.3395502959E-03
       279    0.4600000000E+03    0.4547187542E+03    0.6072000000E+04    0.2628985956E+01    0.3559763314E-03
       280    0.4420000000E+03    0.4305738249E+03    0.5676000000E+04    0.3183967130E+01    0.3617278107E-03
       281    0.3990000000E+03    0.4053681558E+03    0.5412000000E+04    0.4009799945E+01    0.3823431953E-03
       282    0.5630000000E+03    0.5387280689E+03    0.6720000000E+04   -0.3114792465E-01    0.4097794513E-03
       283    0.5300000000E+03    0.5336684586E+03    0.6720000000E+04   -0.4142687875E-01    0.3385476062E-03
       284    0.5700000000E+03    0.5372721199E+03    0.6720000000E+04   -0.3743988529E-01    0.3882625067E-03
       285    0.5780000000E+03    0.5610491216E+03    0.7350000000E+04   -0.2922431556E-01    0.4546057020E-03
       286    0.5370000000E+03    0.5247098334E+03    0.6510000000E+04   -0.4052589172E-01    0.3036449704E-03
       287    0.5690000000E+03    0.5467195215E+03    0.6930000000E+04   -0.3114792465E-01    0.4319419042E-03
       288    0.5760000000E+03    0.5132926965E+03    0.5880000000E+04   -0.3178509564E-01    0.4088176439E-03
       289    0.5490000000E+03    0.5535279525E+03    0.7140000000E+04   -0.4158506205E-01    0.4349930070E-03
       290    0.5220000000E+03    0.5240231108E+03    0.6300000000E+04   -0.3298979629E-01    0.3820892953E-03
       291    0.5700000000E+03    0.5380470050E+03    0.6720000000E+04   -0.3452893280E-01    0.3995804196E-03
       292    0.5100000000E+03    0.5072585184E+03    0.5760000000E+04   -0.3114792465E-01    0.3765976331E-03
       293    0.5100000000E+03    0.5029082164E+03    0.5760000000E+04   -0.4142687875E-01    0.3149112426E-03
       294    0.5170000000E+03    0.5059827112E+03    0.5760000000E+04   -0.3743988529E-01    0.3575049310E-03
       295    0.5400000000E+03    0.5268672146E+03    0.6300000000E+04   -0.2922431556E-01    0.4215147929E-03
       296    0.5180000000E+03    0.4951014050E+03    0.5580000000E+04   -0.4052589172E-01    0.2833116371E-03
       297    0.5230000000E+03    0.5142422707E+03    0.5940000000E+04   -0.3114792465E-01    0.3973964497E-03
       298    0.5370000000E+03    0.4854216073E+03    0.5040000000E+04   -0.3178509564E-01    0.3752721893E-03
       299    0.5360000000E+03    0.5203987814E+03    0.6120000000E+04   -0.4158506205E-01    0.4038717949E-03
       300    0.5030000000E+03    0.4945824718E+03    0.5400000000E+04   -0.3298979629E-01    0.3518165680E-03
       301    0.5400000000E+03    0.5066450077E+03    0.5760000000E+04   -0.3452893280E-01    0.3673076923E-03
       302    0.4900000000E+03    0.4761683050E+03    0.4800000000E+04   -0.3114792465E-01    0.3485207101E-03
       303    0.4770000000E+03    0.4724181869E+03    0.4800000000E+04   -0.4142687875E-01    0.2949112426E-03
       304    0.4830000000E+03    0.4750449255E+03    0.4800000000E+04   -0.3743988529E-01    0.3314792899E-03
       305    0.5030000000E+03    0.4930636053E+03    0.5250000000E+04   -0.2922431556E-01    0.3935147929E-03
       306    0.4710000000E+03    0.4657254288E+03    0.4650000000E+04   -0.4052589172E-01    0.2661065089E-03
       307    0.4760000000E+03    0.4821599461E+03    0.4950000000E+04   -0.3114792465E-01    0.3681656805E-03
       308    0.5020000000E+03    0.4579340122E+03    0.4200000000E+04   -0.3178509564E-01    0.3468875740E-03
       309    0.4960000000E+03    0.4876253902E+03    0.5100000000E+04   -0.4158506205E-01    0.3775384615E-03
       310    0.4710000000E+03    0.4654879128E+03    0.4500000000E+04   -0.3298979629E-01    0.3262011834E-03
       311    0.4970000000E+03    0.4756119547E+03    0.4800000000E+04   -0.3452893280E-01    0.3400000000E-03
       312    0.5910000000E+03    0.5818321718E+03    0.8124317026E+04   -0.1086747260E+00    0.3951795552E-03
       313    0.5900000000E+03    0.5888072753E+03    0.8332632847E+04   -0.7563975563E-01    0.4144490920E-03
       314    0.6060000000E+03    0.6146951198E+03    0.8847894086E+04   -0.6091200859E-01    0.5578402367E-03
       315    0.5840000000E+03    0.5855842056E+03    0.8249721765E+04   -0.1049886880E+00    0.3958120792E-03
       316    0.6040000000E+03    0.5887952988E+03    0.8321863266E+04   -0.7420826907E-01    0.4191042644E-03
       317    0.5910000000E+03    0.5959162625E+03    0.8500963197E+04   -0.9424208975E-01    0.4359906142E-03
       318    0.5880000000E+03    0.6131674898E+03    0.9106328747E+04   -0.9192608653E-01    0.4227259743E-03
       319    0.5880000000E+03    0.5688130986E+03    0.7759253879E+04   -0.1041282539E+00    0.3697939196E-03
       320    0.5500000000E+03    0.6057384942E+03    0.8889511396E+04   -0.7824006183E-01    0.4150887574E-03
       321    0.6090000000E+03    0.5963502386E+03    0.8540859667E+04   -0.7239724467E-01    0.4322883085E-03
       322    0.6040000000E+03    0.5784746771E+03    0.7995558340E+04   -0.8509463085E-01    0.4095562130E-03
       323    0.6190000000E+03    0.6265106739E+03    0.9290288791E+04   -0.6768587810E-01    0.5349071618E-03
       324    0.6430000000E+03    0.5909305571E+03    0.8184302030E+04   -0.6379487721E-01    0.5069526627E-03
       325    0.5690000000E+03    0.6046973738E+03    0.8868450898E+04   -0.1055624555E+00    0.4012874923E-03
       326    0.5510000000E+03    0.5382566282E+03    0.6723572711E+04   -0.1086747260E+00    0.3782802667E-03
       327    0.5430000000E+03    0.5437886920E+03    0.6895972012E+04   -0.7563975563E-01    0.3927331643E-03
       328    0.5430000000E+03    0.5659228427E+03    0.7322395106E+04   -0.6091200859E-01    0.5217291256E-03
       329    0.5240000000E+03    0.5410097100E+03    0.6827355944E+04   -0.1049886880E+00    0.3742603550E-03
       330    0.5710000000E+03    0.5435694606E+03    0.6887059254E+04   -0.7420826907E-01    0.3938442754E-03
       331    0.5420000000E+03    0.5494199070E+03    0.7035279887E+04   -0.9424208975E-01    0.4061876585E-03
       332    0.5310000000E+03    0.5641054854E+03    0.7536272067E+04   -0.9192608653E-01    0.4008321593E-03
       333    0.5310000000E+03    0.5268087154E+03    0.6421451486E+04   -0.1041282539E+00    0.3484474500E-03
       334    0.5120000000E+03    0.5576045687E+03    0.7356837017E+04   -0.7824006183E-01    0.3904855828E-03
       335    0.5630000000E+03    0.5500049954E+03    0.7068297656E+04   -0.7239724467E-01    0.4073156758E-03
       336    0.5500000000E+03    0.5348499394E+03    0.6617013798E+04   -0.8509463085E-01    0.3829689114E-03
       337    0.5830000000E+03    0.5756159600E+03    0.7688514861E+04   -0.6768587810E-01    0.5012454212E-03
       338    0.5830000000E+03    0.5457328985E+03    0.6773215473E+04   -0.6379487721E-01    0.4724288532E-03
       339    0.5500000000E+03    0.5569415909E+03    0.7339407639E+04   -0.1055624555E+00    0.3802967972E-03
       340    0.4820000000E+03    0.4948657553E+03    0.5322828396E+04   -0.1086747260E+00    0.3638661678E-03
       341    0.4820000000E+03    0.4990074141E+03    0.5459311176E+04   -0.7563975563E-01    0.3742107553E-03
       342    0.4900000000E+03    0.5175451776E+03    0.5796896125E+04   -0.6091200859E-01    0.4909284720E-03
       343    0.4760000000E+03    0.4966707255E+03    0.5404990122E+04   -0.1049886880E+00    0.3558780021E-03
       344    0.4830000000E+03    0.4986196565E+03    0.5452255243E+04   -0.7420826907E-01    0.3722989906E-03
       345    0.4800000000E+03    0.5032492299E+03    0.5569596577E+04   -0.9424208975E-01    0.3807674904E-03
       346    0.4910000000E+03    0.5152827305E+03    0.5966215386E+04   -0.9192608653E-01    0.3821580230E-03
       347    0.4710000000E+03    0.4850376003E+03    0.5083649093E+04   -0.1041282539E+00    0.3302401671E-03
       348    0.4690000000E+03    0.5097394998E+03    0.5824162639E+04   -0.7824006183E-01    0.3695005221E-03
       349    0.4900000000E+03    0.5039326460E+03    0.5595735644E+04   -0.7239724467E-01    0.3860154890E-03
       350    0.4830000000E+03    0.4915157402E+03    0.5238469257E+04   -0.8509463085E-01    0.3602915071E-03
       351    0.4980000000E+03    0.5250890922E+03    0.6086740932E+04   -0.6768587810E-01    0.4725339367E-03
       352    0.4910000000E+03    0.5009125065E+03    0.5362128916E+04   -0.6379487721E-01    0.4429820745E-03
       353    0.4630000000E+03    0.5094151884E+03    0.5810364381E+04   -0.1055624555E+00    0.3623929690E-03
       354    0.6000000000E+03    0.5924007612E+03    0.8178000000E+04   -0.1128343414E+00    0.5143072842E-03
       355    0.6150000000E+03    0.5893659095E+03    0.8178000000E+04   -0.1412930951E+00    0.4647653540E-03
       356    0.6070000000E+03    0.5733181077E+03    0.7656000000E+04   -0.1181471711E+00    0.4681146705E-03
       357    0.5960000000E+03    0.5785236934E+03    0.7830000000E+04   -0.1466461624E+00    0.4587104673E-03
       358    0.6180000000E+03    0.5929296033E+03    0.8352000000E+04   -0.1289709027E+00    0.4457457662E-03
       359    0.5850000000E+03    0.6026650028E+03    0.8526000000E+04   -0.1050952390E+00    0.5133136095E-03
       360    0.5510000000E+03    0.5477229822E+03    0.6768000000E+04   -0.1128343414E+00    0.4863379356E-03
       361    0.5560000000E+03    0.5455107299E+03    0.6768000000E+04   -0.1412930951E+00    0.4478660656E-03
       362    0.5500000000E+03    0.5316583827E+03    0.6336000000E+04   -0.1181471711E+00    0.4441683103E-03
       363    0.5370000000E+03    0.5366307261E+03    0.6480000000E+04   -0.1466461624E+00    0.4438226731E-03
       364    0.5430000000E+03    0.5481629690E+03    0.6912000000E+04   -0.1289709027E+00    0.4287780595E-03
       365    0.5430000000E+03    0.5561887179E+03    0.7056000000E+04   -0.1050952390E+00    0.4855358317E-03
       366    0.4710000000E+03    0.5033508444E+03    0.5358000000E+04   -0.1128343414E+00    0.4624817264E-03
       367    0.4760000000E+03    0.5018402210E+03    0.5358000000E+04   -0.1412930951E+00    0.4334519666E-03
       368    0.4820000000E+03    0.4902603368E+03    0.5016000000E+04   -0.1181471711E+00    0.4237434737E-03
       369    0.4770000000E+03    0.4949004485E+03    0.5130000000E+04   -0.1466461624E+00    0.4311242604E-03
       370    0.4910000000E+03    0.5035817530E+03    0.5472000000E+04   -0.1289709027E+00    0.4143056039E-03
       371    0.4790000000E+03    0.5100159807E+03    0.5586000000E+04   -0.1050952390E+00    0.4618430212E-03
       372    0.7810000000E+03    0.8374207461E+03    0.1494000000E+05    0.4397966817E+00    0.1231303151E-02
       373    0.6980000000E+03    0.8036869449E+03    0.1469100000E+05    0.4325401968E+00    0.8763533783E-03
       374    0.9060000000E+03    0.8485893415E+03    0.1518900000E+05    0.4218047994E+00    0.1274864456E-02
       375    0.7400000000E+03    0.7627081896E+03    0.1242000000E+05    0.4397966817E+00    0.1250447337E-02
       376    0.6780000000E+03    0.7355610298E+03    0.1221300000E+05    0.4325401968E+00    0.9670603550E-03
       377    0.7700000000E+03    0.7731691544E+03    0.1262700000E+05    0.4218047994E+00    0.1301562130E-02
       378    0.7940000000E+03    0.8241267037E+03    0.1635252190E+05    0.1448314799E+01    0.7864299803E-03
       379    0.8550000000E+03    0.7906081492E+03    0.1622645593E+05    0.2600708695E+01    0.7389335024E-03
       380    0.7680000000E+03    0.8185123938E+03    0.1629148618E+05    0.1588886307E+01    0.7786686391E-03
       381    0.7450000000E+03    0.7380124736E+03    0.1365916536E+05    0.1448314799E+01    0.7226204565E-03
       382    0.7070000000E+03    0.7064683995E+03    0.1355386319E+05    0.2600708695E+01    0.6932532303E-03
       383    0.7180000000E+03    0.7328257341E+03    0.1360818258E+05    0.1588886307E+01    0.7165257819E-03
       384    0.8740000000E+03    0.8256933868E+03    0.1319700000E+05    0.3203353135E+00    0.1745629558E-02
       385    0.8290000000E+03    0.7757280781E+03    0.1332963206E+05    0.4017921631E+00    0.1044203936E-02
       386    0.7000000000E+03    0.7675121083E+03    0.1387362466E+05    0.3160399101E+00    0.6862446677E-03
       387    0.8060000000E+03    0.7395128566E+03    0.1117800000E+05    0.3181989191E+00    0.1406094675E-02
       388    0.7200000000E+03    0.6917719280E+03    0.1108126038E+05    0.3977942642E+00    0.8272923077E-03
       389    0.6880000000E+03    0.6799508384E+03    0.1153349520E+05    0.3210801723E+00    0.4608875740E-03
       390    0.1034000000E+04    0.1089596384E+04    0.2416627278E+05   -0.9296988740E-01    0.7108333333E-03
       391    0.1139000000E+04    0.1159940278E+04    0.2560919773E+05   -0.7110600442E-01    0.1077500000E-02
       392    0.1002000000E+04    0.9680825860E+03    0.1865037357E+05   -0.9807342607E-01    0.1316666667E-02
       393    0.1056000000E+04    0.1089596384E+04    0.2416627278E+05   -0.9296988740E-01    0.7108333333E-03
       394    0.1124000000E+04    0.1159940278E+04    0.2560919773E+05   -0.7110600442E-01    0.1077500000E-02
       395    0.1082000000E+04    0.9680825860E+03    0.1865037357E+05   -0.9807342607E-01    0.1316666667E-02
       396    0.1054000000E+04    0.1089596384E+04    0.2416627278E+05   -0.9296988740E-01    0.7108333333E-03
       397    0.1190000000E+04    0.1159940278E+04    0.2560919773E+05   -0.7110600442E-01    0.1077500000E-02
       398    0.9350000000E+03    0.9680825860E+03    0.1865037357E+05   -0.9807342607E-01    0.1316666667E-02
       399    0.1037000000E+04    0.1065675223E+04    0.2291088199E+05   -0.9296988740E-01    0.8993333333E-03
       400    0.1110000000E+04    0.1134051719E+04    0.2427884979E+05   -0.7110600442E-01    0.1270000000E-02
       401    0.1035000000E+04    0.9492145175E+03    0.1768152300E+05   -0.9807342607E-01    0.1456666667E-02
       402    0.9270000000E+03    0.9516401662E+03    0.2300393238E+05    0.1041670447E+02    0.2540000000E-02
       403    0.9760000000E+03    0.9579054446E+03    0.2518993188E+05    0.7158412645E+01    0.7393750000E-03
       404    0.9860000000E+03    0.1062259929E+04    0.2003598546E+05   -0.2736096708E+01    0.1214166667E-02
       405    0.9560000000E+03    0.9592018848E+03    0.2325421803E+05    0.1041670447E+02    0.2540000000E-02
       406    0.9460000000E+03    0.9607883232E+03    0.2528535240E+05    0.7158412645E+01    0.7393750000E-03
       407    0.1089000000E+04    0.1065965922E+04    0.2015865029E+05   -0.2736096708E+01    0.1214166667E-02
       408    0.9600000000E+03    0.9672362105E+03    0.2352014652E+05    0.1041670447E+02    0.2540000000E-02
       409    0.1033000000E+04    0.9638513815E+03    0.2538673670E+05    0.7158412645E+01    0.7393750000E-03
       410    0.1080000000E+04    0.1069903540E+04    0.2028898167E+05   -0.2736096708E+01    0.1214166667E-02
       411    0.9240000000E+03    0.9307303354E+03    0.2204620670E+05    0.1041670447E+02    0.2648000000E-02
       412    0.1009000000E+04    0.9353801647E+03    0.2397182760E+05    0.7158412645E+01    0.9315000000E-03
       413    0.1053000000E+04    0.1046402595E+04    0.1911144768E+05   -0.2736096708E+01    0.1376666667E-02
       414    0.8540000000E+03    0.9255420936E+03    0.2016061213E+05    0.1107572385E+01    0.4987500000E-03
       415    0.1086000000E+04    0.1097509779E+04    0.2217339055E+05    0.1574866395E+01    0.2137500000E-02
       416    0.8890000000E+03    0.8771957132E+03    0.1876598383E+05    0.1762582192E+01    0.6154166667E-03
       417    0.8840000000E+03    0.9306337447E+03    0.2032914091E+05    0.1107572385E+01    0.4987500000E-03
       418    0.1057000000E+04    0.1112632744E+04    0.2267394622E+05    0.1574866395E+01    0.2137500000E-02
       419    0.9000000000E+03    0.8867189801E+03    0.1908119485E+05    0.1762582192E+01    0.6154166667E-03
       420    0.8760000000E+03    0.9306337447E+03    0.2032914091E+05    0.1107572385E+01    0.4987500000E-03
       421    0.1068000000E+04    0.1112632744E+04    0.2267394622E+05    0.1574866395E+01    0.2137500000E-02
       422    0.8380000000E+03    0.8867189801E+03    0.1908119485E+05    0.1762582192E+01    0.6154166667E-03
       423    0.8730000000E+03    0.9252001061E+03    0.1927308164E+05    0.1107572385E+01    0.8550000000E-03
       424    0.1120000000E+04    0.1057169079E+04    0.2149607888E+05    0.1574866395E+01    0.1870000000E-02
       425    0.8980000000E+03    0.8399964208E+03    0.1808996395E+05    0.1762582192E+01    0.3896666667E-03
       426    0.1074000000E+04    0.1049537964E+04    0.2386323763E+05    0.8025650198E+00    0.5687500000E-03
       427    0.1006000000E+04    0.1019017822E+04    0.2361347235E+05    0.1193725457E+01    0.3791666667E-03
       428    0.8580000000E+03    0.9037774227E+03    0.1999190256E+05    0.1128458652E+01    0.2808333333E-03
       429    0.1144000000E+04    0.1060225784E+04    0.2421699424E+05    0.8025650198E+00    0.5687500000E-03
       430    0.1028000000E+04    0.1032250900E+04    0.2405147456E+05    0.1193725457E+01    0.3791666667E-03
       431    0.9480000000E+03    0.9120480966E+03    0.2026565395E+05    0.1128458652E+01    0.2808333333E-03
       432    0.1080000000E+04    0.1060225784E+04    0.2421699424E+05    0.8025650198E+00    0.5687500000E-03
       433    0.1030000000E+04    0.1032250900E+04    0.2405147456E+05    0.1193725457E+01    0.3791666667E-03
       434    0.9570000000E+03    0.9120480966E+03    0.2026565395E+05    0.1128458652E+01    0.2808333333E-03
       435    0.1104000000E+04    0.1053891859E+04    0.2295896856E+05    0.8025650198E+00    0.9950000000E-03
       436    0.1008000000E+04    0.9727675298E+03    0.2280204731E+05    0.1193725457E+01    0.8666666667E-04
       437    0.8820000000E+03    0.9034631027E+03    0.1921289270E+05    0.1128458652E+01    0.5933333333E-03
